dim0,dim1,,class0,class1,class2,class3,,class_label
0.58819,1.0053, ,0.305638,0.183525,0.34885,0.161987,,3
0.17345,1.5659, ,0.588519,0.0975218,0.257056,0.0569027,,1
-0.036468,1.4053, ,0.51732,0.13517,0.278567,0.0689426,,1
0.072049,1.3102, ,0.469811,0.143102,0.296527,0.0905605,,1
0.54047,1.0593, ,0.326945,0.173401,0.344899,0.154755,,3
-0.25,1.6236, ,0.61659,0.108373,0.241684,0.0333538,,1
0.03182,1.5582, ,0.589962,0.104708,0.254246,0.0510834,,1
-0.2571,1.6415, ,0.624295,0.105182,0.239019,0.0315026,,1
-0.023798,1.4701, ,0.548037,0.123248,0.268415,0.0603,,1
-0.39845,1.5091, ,0.556702,0.143091,0.259644,0.0405628,,1
0.057488,1.4731, ,0.547484,0.118088,0.270241,0.0641867,,1
-0.36056,1.4476, ,0.530984,0.152874,0.26783,0.0483117,,1
0.4343,1.2806, ,0.422344,0.13971,0.320615,0.117331,,1
0.35152,1.3097, ,0.44618,0.134294,0.311351,0.108176,,1
0.092182,1.4161, ,0.518312,0.1257,0.281185,0.0748027,,1
0.1715,1.4958, ,0.553226,0.109218,0.270485,0.0670706,,1
0.17386,1.4848, ,0.547554,0.11094,0.272627,0.06888,,1
-0.12015,1.4212, ,0.525408,0.138385,0.274082,0.0621248,,1
-0.066416,1.4539, ,0.540737,0.128824,0.270076,0.060363,,1
0.1115,1.4004, ,0.509774,0.127235,0.284548,0.0784426,,1
0.41953,1.1974, ,0.390375,0.150504,0.328705,0.130416,,1
0.2523,1.5178, ,0.558462,0.103244,0.270133,0.0681609,,1
0.29505,1.1811, ,0.398545,0.151565,0.323067,0.126823,,1
-8.0962e-05,1.5069, ,0.565487,0.115402,0.262701,0.0564108,,1
0.27695,1.3344, ,0.46576,0.131374,0.303252,0.0996137,,1
-0.057154,1.5186, ,0.571727,0.116649,0.259492,0.0521319,,1
-0.15825,1.4338, ,0.531035,0.138992,0.271469,0.0585051,,1
0.4283,0.40593, ,0.237539,0.193432,0.339697,0.229332,,3
0.14788,1.424, ,0.519092,0.121812,0.282217,0.0768787,,1
-0.059371,1.5732, ,0.597959,0.10682,0.249998,0.045223,,1
0.1969,1.5662, ,0.587285,0.0967393,0.25793,0.058046,,1
0.22786,1.4473, ,0.524809,0.115252,0.282057,0.0778812,,1
0.38144,1.4154, ,0.492491,0.118499,0.297058,0.0919516,,1
0.38397,1.3068, ,0.440783,0.134928,0.313861,0.110428,,1
0.57625,1.1041, ,0.335008,0.17167,0.344615,0.148707,,3
-0.087753,1.5044, ,0.56492,0.12114,0.261373,0.0525659,,1
0.90825,1.3475, ,0.345084,0.196912,0.346394,0.11161,,3
0.14048,0.5947, ,0.264508,0.190165,0.339201,0.206125,,3
0.4421,1.3959, ,0.474299,0.122605,0.304694,0.0984021,,1
0.38627,1.44, ,0.504159,0.114644,0.293083,0.0881136,,1
-0.6064,1.4623, ,0.5202,0.171694,0.267717,0.0403901,,1
0.4442,1.0033, ,0.323438,0.172694,0.342606,0.161263,,3
0.23438,1.2759, ,0.443466,0.140641,0.308932,0.106961,,1
0.628,0.79784, ,0.260142,0.204021,0.350865,0.184973,,3
0.63449,0.42574, ,0.228978,0.210993,0.342374,0.217655,,3
0.42942,1.4098, ,0.483022,0.120096,0.301447,0.0954347,,1
0.027048,1.3871, ,0.507126,0.134046,0.283414,0.0754149,,1
0.55467,0.58451, ,0.242598,0.202777,0.345576,0.209049,,3
0.48032,1.5374, ,0.541085,0.100597,0.281207,0.0771106,,1
0.28433,1.0048, ,0.339692,0.169746,0.335465,0.155097,,1
0.19883,1.3573, ,0.48347,0.130128,0.295489,0.0909124,,1
0.13507,1.3457, ,0.48255,0.134513,0.294136,0.0888003,,1
-0.36841,1.4604, ,0.536372,0.150916,0.266095,0.0466176,,1
0.31711,1.3914, ,0.488537,0.122279,0.296833,0.0923512,,1
0.28066,1.3846, ,0.489127,0.12381,0.295716,0.0913474,,1
0.45696,1.0194, ,0.32641,0.171813,0.342564,0.159213,,3
-0.23783,1.4815, ,0.551562,0.136074,0.263382,0.0489817,,1
0.42935,0.76121, ,0.272997,0.188327,0.345583,0.193094,,3
0.20455,1.5022, ,0.554234,0.107061,0.27078,0.0679252,,1
0.53249,1.2625, ,0.399268,0.147131,0.329499,0.124102,,1
-0.37383,1.4506, ,0.531652,0.153406,0.267423,0.0475186,,1
0.40208,0.96181, ,0.316951,0.174625,0.34221,0.166214,,3
-0.5833,1.5911, ,0.578576,0.138789,0.252837,0.0297989,,1
0.63684,1.0018, ,0.297731,0.189755,0.350845,0.161669,,3
-0.22373,1.41, ,0.518912,0.14855,0.274035,0.0585035,,1
0.32616,1.3795, ,0.481756,0.124027,0.299337,0.0948807,,1
-0.0024959,1.4148, ,0.521104,0.13136,0.278069,0.0694669,,1
0.45125,1.0563, ,0.337823,0.1679,0.340624,0.153652,,3
0.058873,1.4108, ,0.517222,0.128347,0.280782,0.0736489,,1
-0.20028,1.4284, ,0.527877,0.143253,0.271659,0.0572117,,1
0.078962,1.6242, ,0.62126,0.091173,0.242756,0.0448117,,1
0.18401,0.99461, ,0.34422,0.172819,0.331962,0.151,,1
-0.086634,1.4401, ,0.534285,0.132638,0.27184,0.0612372,,1
0.49159,0.61431, ,0.249523,0.196907,0.345161,0.208409,,3
-0.3496,1.4124, ,0.515647,0.158965,0.272613,0.0527755,,1
0.1559,1.4974, ,0.554973,0.109535,0.269523,0.0659684,,1
0.36596,1.1521, ,0.379977,0.154979,0.329643,0.135401,,1
0.17816,1.3456, ,0.47957,0.132648,0.296217,0.0915644,,1
-0.34372,1.5381, ,0.573043,0.132581,0.255218,0.0391576,,1
0.26902,1.2804, ,0.442197,0.139183,0.310272,0.108348,,1
0.26548,1.349, ,0.473698,0.129457,0.300407,0.096438,,1
-0.33838,1.4464, ,0.53152,0.151211,0.268026,0.049243,,1
0.67663,1.4181, ,0.43972,0.136124,0.320575,0.103582,,1
0.50406,1.399, ,0.46576,0.124465,0.308965,0.100811,,1
0.13148,1.4818, ,0.548544,0.113105,0.271383,0.0669675,,1
0.25594,1.3225, ,0.462339,0.133541,0.303767,0.100354,,1
-0.24853,1.4432, ,0.533514,0.144345,0.268958,0.0531829,,1
0.34451,1.5589, ,0.570885,0.095318,0.267003,0.0667942,,1
-0.15092,1.4304, ,0.529524,0.139051,0.272107,0.059318,,1
0.065232,1.333, ,0.480467,0.140139,0.293003,0.0863905,,1
0.28329,1.3728, ,0.48319,0.125555,0.297764,0.09349,,1
0.66026,0.43645, ,0.227893,0.214342,0.342811,0.214954,,3
-0.36929,1.5099, ,0.558791,0.140574,0.259329,0.0413057,,1
-0.20248,1.3536, ,0.493739,0.156762,0.282335,0.067164,,1
-0.56884,1.5417, ,0.55834,0.149596,0.258069,0.0339955,,1
0.46779,1.3376, ,0.442675,0.132482,0.315475,0.109368,,1
-0.078212,1.541, ,0.582475,0.113825,0.255342,0.0483593,,1
0.040362,1.6313, ,0.625396,0.0915521,0.24069,0.0423616,,1
0.50733,1.1579, ,0.363377,0.15952,0.33738,0.139723,,1
0.25189,1.5176, ,0.558394,0.103286,0.270151,0.0681692,,1
0.3411,1.009, ,0.335815,0.169388,0.337728,0.157069,,3
-0.024125,1.4426, ,0.534828,0.128031,0.272954,0.0641873,,1
0.25844,1.3228, ,0.462238,0.13344,0.303866,0.100457,,1
0.97393,1.0985, ,0.255313,0.256813,0.356051,0.131824,,3
0.54185,1.3996, ,0.459266,0.126513,0.311921,0.1023,,1
0.32043,0.77322, ,0.282924,0.184461,0.342613,0.190001,,3
0.37918,1.0988, ,0.359822,0.161143,0.334424,0.14461,,1
-0.00081709,1.5658, ,0.594167,0.105013,0.252192,0.0486288,,1
0.70608,1.4432, ,0.444812,0.135525,0.319275,0.100388,,1
0.35005,1.4376, ,0.507541,0.1149,0.291046,0.0865131,,1
0.3461,1.7117, ,0.650772,0.0708972,0.232938,0.0453922,,1
-0.39074,1.4575, ,0.53384,0.153438,0.26652,0.046202,,1
0.40413,1.2649, ,0.419815,0.141162,0.320504,0.118519,,1
-0.015197,1.419, ,0.523393,0.131468,0.277017,0.068122,,1
-0.076763,1.3905, ,0.51093,0.140483,0.279751,0.0688361,,1
0.49046,1.4722, ,0.504971,0.111856,0.295037,0.0881357,,1
0.48792,0.52511, ,0.242045,0.197697,0.343221,0.217037,,3
0.37174,1.1306, ,0.371591,0.157524,0.33171,0.139176,,1
-0.12848,1.5609, ,0.591424,0.113165,0.251485,0.0439261,,1
-0.02957,1.4419, ,0.534584,0.1285,0.272922,0.063994,,1
0.60133,1.4259, ,0.460415,0.126641,0.312689,0.100255,,1
-0.24801,1.6136, ,0.612154,0.110273,0.243207,0.0343664,,1
0.4987,1.4366, ,0.485351,0.118089,0.302193,0.094368,,1
-0.11783,1.3132, ,0.476146,0.156208,0.289755,0.077892,,1
0.23739,1.2445, ,0.429706,0.144754,0.313015,0.112525,,1
-0.19505,1.5284, ,0.574685,0.123775,0.256397,0.0451418,,1
0.60609,1.3345, ,0.41637,0.142336,0.326465,0.114829,,1
-0.12198,1.4787, ,0.552509,0.12814,0.265033,0.0543189,,1
0.047233,1.4076, ,0.516139,0.12953,0.280878,0.0734536,,1
-0.07913,1.5058, ,0.565604,0.120335,0.261281,0.0527803,,1
-0.4351,1.4955, ,0.548228,0.149079,0.261746,0.0409478,,1
-0.14722,1.383, ,0.507607,0.147132,0.279236,0.0660251,,1
0.3569,1.0284, ,0.339961,0.167817,0.337494,0.154729,,1
-0.20135,1.4864, ,0.554859,0.132377,0.262894,0.0498698,,1
0.017892,1.8623, ,0.727897,0.0550915,0.19704,0.0199722,,1
0.61636,0.90629, ,0.279872,0.195449,0.351149,0.17353,,3
0.36395,1.3807, ,0.477777,0.123784,0.301617,0.0968215,,1
0.21689,1.3052, ,0.457988,0.137102,0.304059,0.100851,,1
0.57445,0.77441, ,0.262257,0.198895,0.349401,0.189448,,3
0.5434,0.85191, ,0.278093,0.191391,0.349026,0.181489,,3
-0.03701,1.4509, ,0.539002,0.127422,0.271262,0.0623139,,1
-0.20594,1.5641, ,0.591024,0.117489,0.250738,0.0407495,,1
0.47515,1.2486, ,0.402823,0.145765,0.327071,0.124341,,1
0.37734,1.2698, ,0.425407,0.140073,0.31818,0.116339,,1
0.92497,1.3979, ,0.360126,0.191894,0.342773,0.105208,,1
-0.30375,1.437, ,0.528743,0.150133,0.269461,0.0516632,,1
0.052849,1.4331, ,0.528184,0.125031,0.276899,0.069886,,1
0.10811,1.4892, ,0.553378,0.112901,0.269147,0.064574,,1
-0.25805,1.4816, ,0.550941,0.137614,0.263265,0.0481803,,1
0.42238,1.5008, ,0.530477,0.105257,0.284206,0.08006,,1
0.028481,1.3828, ,0.505053,0.134647,0.284132,0.0761683,,1
0.7256,0.69195, ,0.23762,0.22318,0.350077,0.189124,,3
-0.086494,1.3041, ,0.471852,0.155073,0.291844,0.0812304,,1
0.44477,1.1888, ,0.383674,0.152432,0.331049,0.132846,,1
-0.093498,1.392, ,0.511752,0.141459,0.279107,0.0676816,,1
0.26625,1.4349, ,0.515218,0.116277,0.28636,0.0821443,,1
0.48732,1.3697, ,0.454499,0.128342,0.312245,0.104914,,1
-0.42996,1.5639, ,0.579262,0.133468,0.252731,0.0345386,,1
-0.021252,1.3544, ,0.493296,0.142418,0.286748,0.0775371,,1
0.27582,1.4247, ,0.509227,0.117693,0.288697,0.0843825,,1
0.21263,1.4372, ,0.521023,0.117312,0.283052,0.0786128,,1
0.12232,1.474, ,0.54515,0.114794,0.272422,0.0676344,,1
-0.41581,1.5273, ,0.563809,0.140508,0.257376,0.0383063,,1
-0.1055,1.4545, ,0.541117,0.131393,0.269176,0.0583137,,1
0.33758,1.4447, ,0.512595,0.113811,0.288956,0.0846377,,1
-0.31152,1.5044, ,0.559268,0.13717,0.259872,0.0436899,,1
0.10259,1.3809, ,0.500946,0.130747,0.287292,0.0810145,,1
0.52406,0.78101, ,0.268045,0.193735,0.34822,0.19,,3
0.68796,0.84795, ,0.260654,0.209758,0.352649,0.176939,,3
-0.26322,1.4029, ,0.51464,0.153197,0.274573,0.0575896,,1
0.15916,1.4806, ,0.546372,0.112179,0.272752,0.0686976,,1
0.47283,1.3776, ,0.460637,0.126495,0.309926,0.102942,,1
-0.36187,1.4723, ,0.542113,0.147894,0.264464,0.0455293,,1
0.065811,1.3562, ,0.491138,0.136584,0.289596,0.0826814,,1
0.46929,0.74779, ,0.267725,0.19119,0.346555,0.19453,,3
-0.09267,1.4815, ,0.553971,0.125637,0.265064,0.0553279,,1
0.29402,1.347, ,0.469864,0.129242,0.302395,0.0984982,,1
0.10013,1.4701, ,0.544299,0.116457,0.272262,0.0669817,,1
-0.22096,1.5657, ,0.591259,0.118165,0.250504,0.0400713,,1
0.29996,1.3662, ,0.478296,0.126298,0.29981,0.0955965,,1
0.7848,1.1706, ,0.316346,0.195116,0.351601,0.136937,,3
-0.1346,1.389, ,0.510417,0.145103,0.27862,0.0658599,,1
0.55811,1.018, ,0.313085,0.179222,0.347219,0.160473,,3
-0.19986,1.5002, ,0.561354,0.129602,0.260776,0.0482676,,1
0.086802,1.5157, ,0.56742,0.109409,0.26358,0.0595906,,1
0.10356,1.354, ,0.488249,0.134837,0.291486,0.0854283,,1
0.45706,1.3227, ,0.437556,0.134323,0.31676,0.111361,,1
0.1695,1.2656, ,0.444223,0.14435,0.306912,0.104515,,1
-0.080665,1.4566, ,0.542095,0.129305,0.269333,0.0592668,,1
0.18587,0.90943, ,0.320825,0.178732,0.33589,0.164553,,3
0.54689,0.88303, ,0.283608,0.18961,0.349057,0.177725,,3
0.73466,0.88677, ,0.260608,0.215161,0.353869,0.170362,,3
-0.07267,1.6218, ,0.620928,0.0986189,0.241327,0.0391267,,1
0.62517,1.2381, ,0.372687,0.159252,0.338252,0.129809,,1
0.36514,1.3461, ,0.461198,0.129016,0.307042,0.102745,,1
0.25366,1.3756, ,0.487431,0.125741,0.295596,0.0912323,,1
-0.038813,1.3676, ,0.499763,0.141537,0.284248,0.0744519,,1
0.18293,1.4885, ,0.548817,0.110012,0.272351,0.0688208,,1
0.19729,1.4646, ,0.535829,0.113414,0.277406,0.0733516,,1
0.38586,1.4553, ,0.511971,0.112195,0.290276,0.0855588,,1
-0.3831,-1.2708, ,0.412864,0.0676178,0.310643,0.208875,,1
-0.38404,-1.3701, ,0.45414,0.0566646,0.300195,0.189,,1
-0.42964,-1.4531, ,0.485152,0.0501159,0.290901,0.173832,,1
-0.46476,-1.1113, ,0.345459,0.0896475,0.329725,0.235169,,1
-0.50166,-1.1747, ,0.360139,0.0845827,0.327853,0.227425,,1
-0.43948,-1.3415, ,0.433407,0.0627189,0.305679,0.198195,,1
-0.36217,-0.8973, ,0.302559,0.107916,0.333742,0.255783,,3
-0.52638,-1.3268, ,0.412537,0.0690915,0.313742,0.204629,,1
-0.80772,-0.92751, ,0.259548,0.123251,0.39419,0.223011,,3
-0.66001,-1.0572, ,0.303009,0.104967,0.358336,0.233688,,3
-0.79767,-1.0309, ,0.277813,0.113653,0.385751,0.222784,,3
-0.18274,-1.8115, ,0.657468,0.0125858,0.259395,0.0705512,,1
-0.23029,-1.377, ,0.475143,0.0483973,0.300534,0.175927,,1
-0.39118,-1.4919, ,0.509101,0.0441875,0.284849,0.161863,,1
-0.6957,-0.94061, ,0.274685,0.117846,0.372023,0.235445,,3
-0.45355,-1.0234, ,0.322287,0.0986384,0.334738,0.244336,,3
-0.71839,-0.94694, ,0.273071,0.118163,0.375696,0.23307,,3
-0.39581,-1.1511, ,0.367538,0.0817323,0.321585,0.229145,,1
-0.36572,-1.396, ,0.468154,0.0529294,0.296852,0.182064,,1
-0.32869,-1.4217, ,0.484433,0.0483744,0.293798,0.173394,,1
-0.81102,-1.1386, ,0.298642,0.104248,0.379757,0.217354,,3
-0.28566,-1.3988, ,0.479113,0.0487079,0.296874,0.175305,,1
-0.38013,-1.3043, ,0.426763,0.0637185,0.307216,0.202303,,1
-0.77034,-0.97979, ,0.272273,0.117201,0.383594,0.226932,,3
-0.3183,-1.2345, ,0.407445,0.0683751,0.311893,0.212287,,1
-0.29289,-1.4467, ,0.499715,0.0441032,0.291621,0.164561,,1
-0.42723,-1.2556, ,0.400498,0.0716401,0.314316,0.213545,,1
-0.36545,-1.3828, ,0.462322,0.0543365,0.298371,0.184971,,1
-0.53179,-1.2632, ,0.386508,0.0764328,0.321856,0.215203,,1
-0.5308,-1.2019, ,0.364685,0.0831366,0.328223,0.223955,,1
-0.78539,-0.97817, ,0.270082,0.117939,0.386713,0.225266,,3
-0.34009,-1.33, ,0.442909,0.0588121,0.303662,0.194617,,1
-0.84788,-0.81735, ,0.242437,0.133779,0.407498,0.216287,,3
-0.21936,-1.4796, ,0.520628,0.0376213,0.29154,0.150212,,1
-0.5349,-1.2336, ,0.375104,0.0798707,0.325408,0.219617,,1
-0.3275,-1.2076, ,0.396255,0.0718828,0.314238,0.217624,,1
-0.48035,-1.5183, ,0.508556,0.0459623,0.282895,0.162587,,1
-0.44948,-1.3325, ,0.427998,0.0642514,0.307294,0.200456,,1
-0.42669,-1.4618, ,0.489709,0.0490522,0.289603,0.171636,,1
-0.56939,-0.97952, ,0.297535,0.108617,0.350354,0.243494,,3
-0.56737,-1.2552, ,0.377333,0.0792731,0.326617,0.216776,,1
-0.44327,-1.2823, ,0.408457,0.0695065,0.312547,0.20949,,1
-0.59301,-1.0144, ,0.302293,0.106155,0.351336,0.240215,,3
-0.35547,-1.2101, ,0.393561,0.0730241,0.314956,0.218459,,1
-0.34577,-1.4607, ,0.500216,0.0451674,0.289025,0.165591,,1
-0.33781,-1.4203, ,0.482693,0.0489646,0.293907,0.174436,,1
-0.46699,-1.1334, ,0.351953,0.0873329,0.328195,0.23252,,1
-0.5201,-1.0009, ,0.30847,0.104158,0.342962,0.24441,,3
-0.94879,-1.1694, ,0.281438,0.107981,0.409595,0.200985,,3
-0.31326,-1.2999, ,0.433842,0.0607874,0.306233,0.199137,,1
-0.45021,-1.2244, ,0.385329,0.0763498,0.318865,0.219456,,1
-0.51831,-1.245, ,0.382023,0.0777104,0.32252,0.217746,,1
-0.52123,-1.2775, ,0.393771,0.0742694,0.319201,0.212759,,1
-0.42887,-1.7362, ,0.624409,0.0241263,0.245433,0.106032,,1
-0.47253,-1.2562, ,0.393696,0.0739903,0.317346,0.214967,,1
-0.52964,-1.1448, ,0.34629,0.0893092,0.333404,0.230997,,1
-0.61772,-1.0837, ,0.315703,0.100237,0.349781,0.23428,,3
-0.71506,-1.2399, ,0.344617,0.0891229,0.350116,0.216144,,3
-0.46638,-1.2617, ,0.396777,0.0730461,0.316304,0.213873,,1
-0.44174,-1.2952, ,0.413853,0.0679847,0.311064,0.207098,,1
-0.34186,-1.4197, ,0.481919,0.0492257,0.293965,0.17489,,1
-0.44024,-0.9936, ,0.31636,0.101202,0.335296,0.247142,,3
-0.38918,-1.1705, ,0.37499,0.0792158,0.319699,0.226095,,1
-0.44337,-0.97918, ,0.312496,0.102882,0.336375,0.248247,,3
-0.33354,-1.2522, ,0.412296,0.0671536,0.310762,0.209789,,1
-0.41673,-1.3396, ,0.436133,0.0617202,0.30481,0.197337,,1
-0.40157,-1.4378, ,0.482177,0.0502955,0.292267,0.17526,,1
-0.49536,-1.365, ,0.434217,0.0631533,0.306258,0.196372,,1
-0.6801,-0.93451, ,0.275461,0.117792,0.369687,0.23706,,3
-0.35984,-1.4305, ,0.484541,0.048976,0.292697,0.173787,,1
-0.48585,-1.6001, ,0.548924,0.0381613,0.269258,0.143657,,1
-0.81673,-1.0834, ,0.285397,0.109666,0.3858,0.219138,,3
-0.42239,-1.2302, ,0.391628,0.0742325,0.316473,0.217666,,1
-0.47863,-1.1954, ,0.370676,0.081083,0.323846,0.224394,,1
-0.41913,-1.2237, ,0.389704,0.0747906,0.31688,0.218626,,1
-0.39565,-1.5951, ,0.558634,0.0344749,0.26967,0.137221,,1
-0.3393,-1.3899, ,0.468902,0.0522608,0.297343,0.181495,,1
-0.39008,-1.6102, ,0.566649,0.0328796,0.267439,0.133032,,1
-0.44925,-1.1691, ,0.366094,0.0824677,0.323786,0.227653,,1
-0.33447,-1.333, ,0.444901,0.0581973,0.303293,0.193609,,1
-0.48397,-1.0524, ,0.326069,0.0969902,0.335759,0.241182,,3
-0.46104,-1.4129, ,0.46146,0.0560561,0.297708,0.184776,,1
-0.2862,-1.4667, ,0.50944,0.0417917,0.289603,0.159165,,1
-0.48141,-1.4148, ,0.458892,0.0569454,0.298569,0.185594,,1
-0.29002,-1.5705, ,0.556786,0.0322274,0.27703,0.133956,,1
-0.45464,-1.323, ,0.423189,0.0655831,0.308716,0.202513,,1
-0.34709,-1.4401, ,0.490559,0.0473505,0.291535,0.170556,,1
-0.74696,-1.0576, ,0.29046,0.108952,0.373648,0.22694,,3
-0.35755,-1.4492, ,0.493434,0.0469168,0.290395,0.169254,,1
-0.57233,-1.0821, ,0.321893,0.0981681,0.343677,0.236262,,3
-0.38907,-1.3068, ,0.426511,0.0639061,0.307276,0.202307,,1
-0.36997,-1.5016, ,0.516458,0.0422,0.28354,0.157802,,1
-0.44663,-1.2118, ,0.381307,0.0775689,0.319795,0.221329,,1
-0.3879,-1.1469, ,0.367199,0.0818016,0.321441,0.229559,,1
-0.39868,-1.138, ,0.362843,0.0833451,0.322747,0.231065,,1
-0.36694,-1.3125, ,0.431989,0.0621229,0.305979,0.199908,,1
-0.41408,-1.2576, ,0.403229,0.0707215,0.313376,0.212673,,1
-0.64689,-0.98867, ,0.289745,0.111165,0.361021,0.238069,,3
-0.41629,-1.399, ,0.462246,0.0551987,0.29765,0.184906,,1
-0.43804,-1.3188, ,0.424089,0.0651588,0.308229,0.202524,,1
-0.35441,-1.2507, ,0.408973,0.0683908,0.31147,0.211166,,1
-0.43838,-1.1744, ,0.369453,0.0813137,0.32252,0.226713,,1
-0.46201,-1.0002, ,0.315402,0.101517,0.336914,0.246168,,3
-0.38129,-1.1135, ,0.357267,0.0852109,0.323456,0.234066,,1
-0.59088,-0.8514, ,0.271293,0.122162,0.359961,0.246585,,3
-0.42929,-1.3719, ,0.448173,0.0588306,0.301525,0.191471,,1
-0.51058,-1.3318, ,0.417413,0.0676612,0.311723,0.203203,,1
-0.43825,-1.3677, ,0.444919,0.0597665,0.302453,0.192861,,1
-0.45035,-1.0663, ,0.33427,0.0938459,0.331693,0.240192,,1
-0.6182,-0.90614, ,0.277534,0.117986,0.361338,0.243142,,3
-0.32796,-1.4184, ,0.483033,0.0486844,0.294178,0.174104,,1
-0.29859,-1.5682, ,0.555085,0.032778,0.276853,0.135285,,1
-0.45102,-1.0946, ,0.342341,0.0907883,0.329774,0.237097,,1
-0.33884,-1.6965, ,0.611964,0.0238588,0.256555,0.107622,,1
-0.42582,-1.482, ,0.499462,0.0469107,0.286716,0.166912,,1
-0.29947,-1.3571, ,0.459452,0.0538236,0.30084,0.185884,,1
-0.24197,-1.5429, ,0.547364,0.0327368,0.283369,0.13653,,1
-0.28573,-1.281, ,0.429516,0.061515,0.307736,0.201233,,1
-0.78508,-0.99375, ,0.272788,0.116518,0.385671,0.225024,,3
-0.52509,-1.3654, ,0.429086,0.0647556,0.308575,0.197584,,1
-0.63212,-1.1133, ,0.321359,0.097893,0.349449,0.231299,,3
-0.56988,-1.2693, ,0.382099,0.0778641,0.32528,0.214757,,1
-0.44533,-1.5731, ,0.541315,0.0387969,0.273067,0.146821,,1
-0.58854,-1.0555, ,0.312722,0.10173,0.347839,0.23771,,3
-0.28959,-1.2501, ,0.416914,0.0651718,0.310245,0.20767,,1
-0.37659,-1.3459, ,0.444709,0.0589296,0.302719,0.193642,,1
-0.35405,-1.3141, ,0.434413,0.0612822,0.305501,0.198804,,1
-0.36779,-1.558, ,0.543745,0.0366596,0.275703,0.143892,,1
-0.35949,-1.849, ,0.678437,0.01475,0.231314,0.0754985,,1
-0.51005,-1.5206, ,0.504591,0.0472747,0.283927,0.164207,,1
-0.44718,-1.3506, ,0.436071,0.0621258,0.305002,0.196801,,1
-0.3946,-1.3501, ,0.443929,0.0594015,0.302777,0.193892,,1
-0.365,-1.1829, ,0.382534,0.0765831,0.31752,0.223363,,1
-0.31655,-1.3419, ,0.450923,0.0563217,0.30229,0.190465,,1
-0.30719,-1.4327, ,0.491871,0.0462029,0.292844,0.169082,,1
-0.46499,-1.1923, ,0.371675,0.0807092,0.322992,0.224624,,1
-0.65079,-0.8868, ,0.270774,0.121139,0.367352,0.240735,,3
-0.45276,-1.3505, ,0.435126,0.0624365,0.305325,0.197112,,1
-0.272,-1.3915, ,0.477354,0.0488267,0.297908,0.175911,,1
-0.61498,-1.1663, ,0.339353,0.0914553,0.342111,0.22708,,3
-0.31989,-1.3647, ,0.460287,0.0540089,0.300005,0.185699,,1
-0.5139,-1.03, ,0.316352,0.100815,0.340405,0.242428,,3
-0.42922,-1.2471, ,0.396955,0.0726978,0.315272,0.215075,,1
-0.79316,-1.1033, ,0.293409,0.106736,0.379154,0.220701,,3
-0.45697,-0.95169, ,0.304589,0.106402,0.339105,0.249904,,3
-0.4226,-1.315, ,0.42491,0.0647588,0.307846,0.202486,,1
-0.48534,-1.3723, ,0.439143,0.0618008,0.304592,0.194464,,1
-0.49306,-1.2441, ,0.385847,0.0764435,0.320295,0.217414,,1
-0.48293,-1.2455, ,0.388003,0.0757421,0.319292,0.216963,,1
-0.3965,-1.557, ,0.539878,0.0380521,0.275459,0.146611,,1
-0.38635,-1.424, ,0.477983,0.0509847,0.29376,0.177272,,1
-0.46144,-1.1818, ,0.3686,0.0816904,0.323647,0.226062,,1
-0.41126,-1.5346, ,0.527016,0.0409043,0.278796,0.153283,,1
-0.4927,-1.0689, ,0.329396,0.0956449,0.335491,0.239467,,3
-0.44467,-1.2064, ,0.379669,0.0780692,0.320152,0.22211,,1
-0.79684,-1.1555, ,0.305231,0.101936,0.375133,0.2177,,3
-0.6018,-0.91187, ,0.280357,0.116753,0.358632,0.244258,,3
-0.53375,-1.0535, ,0.319738,0.0992908,0.34106,0.239912,,3
-0.5121,-1.1252, ,0.342914,0.0905346,0.333184,0.233367,,1
-0.45429,-1.4297, ,0.47031,0.0538879,0.295072,0.18073,,1
-0.8629,-1.1241, ,0.286612,0.108037,0.392653,0.212697,,3
-0.49905,-1.2078, ,0.37181,0.0807917,0.324492,0.222906,,1
-0.54242,-1.4098, ,0.445556,0.0608558,0.303793,0.189795,,1
-0.38581,-1.4632, ,0.496242,0.0468557,0.288699,0.168204,,1
-0.37548,-1.5067, ,0.518202,0.0419545,0.282811,0.157032,,1
-0.28611,-1.3393, ,0.453422,0.0551005,0.302635,0.188843,,1
-0.33631,-1.4218, ,0.483555,0.0487341,0.29374,0.173971,,1
-0.34676,-1.5883, ,0.560441,0.0329884,0.271976,0.134595,,1
-0.61034,-0.96313, ,0.289118,0.112079,0.357034,0.241768,,3
-0.26518,-1.7966, ,0.656045,0.015225,0.249453,0.0792764,,1
-0.36101,-1.4484, ,0.492622,0.0471683,0.290494,0.169716,,1
-0.39433,-1.2535, ,0.404521,0.0701453,0.312778,0.212556,,1
-0.4895,-1.2449, ,0.386721,0.0761626,0.319906,0.217211,,1
-0.51165,-1.1722, ,0.357778,0.0853816,0.329067,0.227773,,1
-0.49095,-1.1931, ,0.367988,0.0819884,0.325151,0.224873,,1
-0.47634,-1.1904, ,0.369303,0.081517,0.324111,0.225069,,1
-0.40327,-1.2001, ,0.383417,0.076614,0.31805,0.221919,,1
-0.69706,-0.99336, ,0.284215,0.112896,0.369061,0.233828,,3
-0.2343,-1.5087, ,0.53255,0.0355196,0.287604,0.144326,,1
-0.47008,-1.1055, ,0.342981,0.0905505,0.33064,0.235829,,1
-0.6194,-1.2266, ,0.357986,0.0852487,0.336483,0.220282,,1
-0.35567,-1.3592, ,0.453315,0.0564018,0.300846,0.189437,,1
-0.29834,-1.4464, ,0.499015,0.0443864,0.291511,0.165088,,1
-0.44234,-1.2438, ,0.393722,0.0737626,0.316435,0.216081,,1
-0.33784,-1.5943, ,0.564104,0.0320889,0.27148,0.132327,,1
-0.72224,-1.0138, ,0.284905,0.112032,0.372199,0.230865,,3
-0.48425,-1.5713, ,0.534502,0.0408587,0.274218,0.150421,,1
-0.44573,-1.4302, ,0.471924,0.0533832,0.294635,0.180057,,1
-0.49508,-1.2356, ,0.38239,0.0774968,0.321352,0.218761,,1
-0.72193,-0.89763, ,0.264787,0.122843,0.378982,0.233389,,3
-0.74022,-1.1791, ,0.321532,0.0967123,0.361472,0.220284,,3
-0.2907,-1.6049, ,0.572575,0.0293087,0.272576,0.12554,,1
-0.42068,-1.428, ,0.474812,0.052313,0.29404,0.178835,,1
-0.41152,-1.3345, ,0.434758,0.0620093,0.305166,0.198067,,1
-0.46488,-1.2573, ,0.395332,0.0734566,0.316653,0.214558,,1
-0.42664,-1.1937, ,0.377818,0.0785465,0.320042,0.223594,,1
-0.45014,-1.2071, ,0.379101,0.0782787,0.320486,0.222134,,1
-0.49578,-1.2096, ,0.372958,0.0804182,0.324016,0.222608,,1
-0.53477,-1.2945, ,0.39803,0.0731338,0.318519,0.210317,,1
-0.4398,-1.1163, ,0.350415,0.0878375,0.327263,0.234484,,1
1.5144,1.0222, ,0.131967,0.509787,0.292021,0.0662247,,2
0.98554,0.57083, ,0.205942,0.281234,0.342073,0.17075,,3
1.5272,1.1614, ,0.130952,0.516973,0.293307,0.0587688,,2
1.3036,0.97296, ,0.169836,0.404585,0.327461,0.0981179,,2
1.5545,1.3121, ,0.131859,0.525484,0.29225,0.0504065,,2
1.1955,1.1708, ,0.212676,0.339407,0.346127,0.101789,,3
1.4824,1.1825, ,0.141453,0.491497,0.303498,0.0635531,,2
1.1596,1.06, ,0.206491,0.333657,0.346572,0.113281,,3
1.4755,1.1894, ,0.143379,0.487319,0.305143,0.0641597,,2
1.4025,1.0068, ,0.152063,0.452857,0.312966,0.0821141,,2
1.5881,0.67863, ,0.138792,0.509996,0.273166,0.0780448,,2
1.4473,0.97021, ,0.143717,0.47475,0.303797,0.0777364,,2
1.3705,1.2078, ,0.170671,0.427188,0.325099,0.0770428,,2
1.1228,1.0525, ,0.213862,0.318371,0.349213,0.118554,,3
1.4226,1.2013, ,0.156804,0.456879,0.315821,0.0704954,,2
1.3685,0.51919, ,0.171371,0.400252,0.307397,0.120979,,2
1.2956,0.94762, ,0.170437,0.401119,0.327725,0.100719,,2
1.4739,1.4111, ,0.165825,0.464992,0.3128,0.0563828,,2
1.1737,0.79135, ,0.186434,0.348444,0.336623,0.1285,,2
1.2668,1.2477, ,0.204953,0.366077,0.340518,0.0884528,,2
1.3135,1.3254, ,0.204155,0.380713,0.336397,0.0787352,,2
1.2337,0.9104, ,0.180274,0.373406,0.334303,0.112017,,2
1.3882,0.7156, ,0.158262,0.432132,0.307747,0.101859,,2
1.2818,0.76704, ,0.170771,0.39137,0.323883,0.113976,,2
1.459,1.1237, ,0.144053,0.480732,0.306243,0.0689721,,2
1.0284,0.7593, ,0.206112,0.296445,0.346154,0.15129,,3
1.3677,0.67023, ,0.162682,0.419208,0.309889,0.10822,,2
1.4224,0.90694, ,0.148248,0.460545,0.306574,0.0846333,,2
1.5296,1.0154, ,0.129446,0.517267,0.288693,0.0645941,,2
1.418,1.0482, ,0.150034,0.460522,0.311529,0.0779161,,2
1.1809,1.0627, ,0.20197,0.342982,0.344772,0.110276,,3
1.1523,0.97329, ,0.199369,0.33624,0.344623,0.119767,,3
1.436,1.2761, ,0.160047,0.458327,0.31584,0.0657857,,2
1.4939,1.194, ,0.13941,0.497428,0.3015,0.0616628,,2
1.3239,1.408, ,0.218014,0.37253,0.336013,0.0734438,,2
1.1976,1.2538, ,0.226853,0.329519,0.347186,0.0964425,,3
1.2653,0.82299, ,0.173097,0.386492,0.327641,0.11277,,2
1.2026,0.68268, ,0.181986,0.35588,0.330382,0.131752,,2
1.3904,0.98043, ,0.153842,0.446752,0.314221,0.0851843,,2
1.3728,0.85387, ,0.156576,0.435142,0.313397,0.0948851,,2
1.4376,0.8426, ,0.147226,0.464139,0.302356,0.0862786,,2
1.4801,1.3026, ,0.150595,0.481907,0.308096,0.0594017,,2
1.2637,1.0525, ,0.182528,0.38258,0.335451,0.0994411,,2
1.2759,0.698, ,0.172669,0.384942,0.322701,0.119687,,2
1.3877,0.90396, ,0.153859,0.443991,0.312389,0.0897612,,2
1.2919,0.86372, ,0.16928,0.398986,0.325497,0.106238,,2
1.5201,1.1603, ,0.132397,0.513105,0.294813,0.0596857,,2
1.4627,1.1698, ,0.145276,0.481094,0.307052,0.066578,,2
1.4615,0.90046, ,0.142255,0.478819,0.299385,0.0795407,,2
1.2502,1.0592, ,0.186048,0.375666,0.337323,0.100963,,2
1.441,1.1538, ,0.149356,0.469833,0.310743,0.0700688,,2
1.2638,0.89228, ,0.174458,0.386803,0.330066,0.108672,,2
1.422,1.0178, ,0.1486,0.462718,0.309843,0.0788397,,2
1.603,1.1546, ,0.116004,0.557997,0.275913,0.0500851,,2
1.4602,1.2422, ,0.150563,0.475349,0.310028,0.0640597,,2
1.3413,0.69121, ,0.164891,0.410583,0.314042,0.110484,,2
1.3842,0.65687, ,0.161484,0.424374,0.307255,0.106887,,2
1.5083,1.372, ,0.149895,0.49175,0.304581,0.0537741,,2
1.0628,0.78105, ,0.202288,0.307714,0.344918,0.14508,,3
1.2423,1.2874, ,0.219729,0.347402,0.343659,0.0892107,,2
1.3165,1.0254, ,0.16961,0.409612,0.327381,0.0933968,,2
1.2842,0.88134, ,0.170787,0.395823,0.327083,0.106307,,2
1.3273,1.0546, ,0.168928,0.413969,0.326775,0.0903279,,2
1.6093,1.2265, ,0.115712,0.560853,0.276464,0.0469714,,2
1.6382,1.0999, ,0.110281,0.575175,0.266347,0.0481971,,2
1.4485,1.0502, ,0.144138,0.476289,0.305924,0.0736496,,2
1.0854,1.1287, ,0.234229,0.295045,0.352912,0.117814,,3
1.5358,1.2056, ,0.130576,0.520483,0.29284,0.0561014,,2
0.97471,0.61872, ,0.207776,0.279582,0.34403,0.168612,,3
1.119,0.68483, ,0.192284,0.325967,0.337838,0.143912,,3
1.6654,1.1144, ,0.105661,0.589406,0.260161,0.0447717,,2
1.2741,1.0127, ,0.177597,0.389436,0.332795,0.100172,,2
1.2244,0.48174, ,0.185946,0.346246,0.323217,0.144591,,2
1.5806,0.45189, ,0.161733,0.461221,0.27557,0.101477,,2
1.4943,1.3922, ,0.156621,0.480508,0.308162,0.054709,,2
1.5277,0.86136, ,0.134008,0.507025,0.286031,0.0729361,,2
1.6142,0.88134, ,0.121737,0.548513,0.268657,0.0610936,,2
1.4212,1.054, ,0.149558,0.462109,0.311134,0.0771987,,2
1.5897,1.3457, ,0.125326,0.543956,0.28516,0.0455589,,2
1.4181,1.0498, ,0.150057,0.460555,0.311562,0.0778258,,2
1.3849,0.78582, ,0.156197,0.436581,0.309771,0.0974513,,2
1.2235,0.78885, ,0.179075,0.368218,0.331446,0.121261,,2
1.2696,0.97345, ,0.176376,0.388534,0.332051,0.103039,,2
1.1611,0.89287, ,0.192223,0.342895,0.341206,0.123677,,2
1.2508,1.0711, ,0.186949,0.375206,0.337633,0.100213,,2
1.6376,0.73574, ,0.129195,0.539457,0.263536,0.0678117,,2
1.2646,1.0101, ,0.179385,0.385009,0.333926,0.101681,,2
1.4731,0.9379, ,0.139747,0.48625,0.298103,0.0758992,,2
1.2007,0.9304, ,0.187167,0.358622,0.338606,0.115604,,2
1.2451,0.96002, ,0.180412,0.377571,0.334638,0.10738,,2
1.4087,0.9364, ,0.150317,0.454977,0.309768,0.0849383,,2
1.4484,0.9225, ,0.143912,0.473637,0.302327,0.0801237,,2
1.438,1.0372, ,0.145911,0.470895,0.307502,0.0756926,,2
1.2788,1.1349, ,0.186528,0.384424,0.336155,0.092893,,2
1.4205,0.77406, ,0.151843,0.451233,0.303803,0.0931213,,2
1.5004,1.3459, ,0.149302,0.489804,0.305366,0.0555277,,2
1.637,0.89869, ,0.117921,0.560647,0.263924,0.0575089,,2
1.5714,1.1371, ,0.121787,0.541115,0.282733,0.0543657,,2
1.5755,1.2949, ,0.125683,0.538977,0.286759,0.0485818,,2
1.249,0.96132, ,0.179734,0.379318,0.334212,0.106737,,2
1.2537,0.90759, ,0.17665,0.382281,0.331828,0.109241,,2
1.3391,1.4139, ,0.213759,0.380513,0.334248,0.071479,,2
0.95498,1.0526, ,0.25071,0.255698,0.356062,0.13753,,3
1.5028,1.1694, ,0.136377,0.503327,0.298806,0.0614896,,2
1.1769,0.77278, ,0.185622,0.349391,0.335708,0.129279,,2
1.3394,1.1597, ,0.173954,0.414172,0.328449,0.0834247,,2
1.0243,0.76584, ,0.206995,0.295057,0.346582,0.151366,,3
1.3671,1.0797, ,0.161778,0.433373,0.321377,0.0834711,,2
1.1629,0.96104, ,0.196311,0.341318,0.343298,0.119072,,3
1.2907,0.95563, ,0.17162,0.398739,0.328662,0.100979,,2
1.0632,0.87487, ,0.207823,0.305748,0.347967,0.138462,,3
1.137,1.316, ,0.26079,0.289965,0.350506,0.0987395,,3
1.121,0.72353, ,0.192504,0.327687,0.338935,0.140874,,3
1.3636,1.1527, ,0.167417,0.427689,0.324413,0.080481,,2
1.3094,0.97172, ,0.16869,0.407369,0.326598,0.0973425,,2
1.3082,1.1068, ,0.176826,0.401548,0.331303,0.0903231,,2
1.3493,0.92408, ,0.160369,0.426316,0.319123,0.094191,,2
1.5006,1.3756, ,0.152607,0.486538,0.306321,0.0545339,,2
1.5514,0.82097, ,0.132913,0.513846,0.280871,0.0723693,,2
1.3542,0.97887, ,0.160487,0.428956,0.320102,0.0904547,,2
1.3939,1.1402, ,0.15934,0.444817,0.318892,0.076952,,2
1.2158,0.61324, ,0.181745,0.356152,0.327123,0.134981,,2
1.3711,0.954, ,0.156931,0.437104,0.316602,0.0893622,,2
1.4497,1.1884, ,0.149341,0.472909,0.310243,0.0675065,,2
1.2523,0.78863, ,0.174878,0.380016,0.328147,0.116959,,2
1.5064,1.0877, ,0.133618,0.506546,0.295493,0.0643423,,2
1.3447,1.0116, ,0.163333,0.423913,0.32267,0.0900839,,2
1.3641,0.92162, ,0.157816,0.43328,0.316731,0.0921742,,2
1.5645,1.0543, ,0.123139,0.536203,0.282139,0.0585188,,2
1.036,0.93822, ,0.2183,0.292892,0.351335,0.137473,,3
1.1191,1.0647, ,0.216279,0.315744,0.349766,0.11821,,3
1.3283,1.4863, ,0.236924,0.358843,0.3352,0.069033,,2
1.1974,1.0258, ,0.19465,0.353011,0.342073,0.110266,,2
1.1026,0.83113, ,0.198698,0.321303,0.343919,0.13608,,3
1.2288,1.0748, ,0.192306,0.36437,0.340279,0.103045,,2
1.33,0.80709, ,0.16349,0.413846,0.318534,0.10413,,2
1.3032,0.94279, ,0.168901,0.404708,0.326512,0.0998802,,2
1.2252,0.86353, ,0.180164,0.369961,0.333698,0.116177,,2
1.3456,0.91718, ,0.160927,0.42447,0.319477,0.0951254,,2
1.4008,1.1231, ,0.156733,0.449377,0.3171,0.0767904,,2
1.3391,0.91844, ,0.162054,0.421437,0.320504,0.0960051,,2
1.5557,0.77869, ,0.13488,0.510872,0.279647,0.0745999,,2
1.2436,0.84759, ,0.176807,0.377692,0.331055,0.114447,,2
1.4389,0.79908, ,0.148471,0.461456,0.301218,0.0888554,,2
1.6492,1.3515, ,0.111423,0.57867,0.270611,0.0392962,,2
1.2515,1.0138, ,0.182321,0.378659,0.335674,0.103345,,2
1.1699,0.7825, ,0.186808,0.346849,0.336688,0.129656,,2
1.5419,1.0364, ,0.127152,0.524159,0.286603,0.0620858,,2
1.4055,1.157, ,0.157739,0.450199,0.317417,0.0746445,,2
1.0521,0.96454, ,0.218124,0.297058,0.351242,0.133575,,3
1.3791,1.0067, ,0.156496,0.441118,0.316959,0.0854274,,2
1.3185,0.97012, ,0.166919,0.41174,0.325234,0.0961064,,2
1.3168,0.36958, ,0.186304,0.358673,0.311953,0.143069,,2
1.2169,1.1622, ,0.205713,0.350776,0.343932,0.09958,,2
1.0596,0.98654, ,0.219179,0.298322,0.351426,0.131073,,3
1.3281,0.87286, ,0.163509,0.41546,0.320725,0.100306,,2
1.0546,0.537, ,0.19942,0.298953,0.337623,0.164005,,3
1.4244,0.92739, ,0.147743,0.462275,0.306771,0.0832109,,2
1.7406,1.2645, ,0.0916844,0.630865,0.244451,0.0330005,,2
1.3109,1.4685, ,0.238941,0.352268,0.337085,0.0717068,,2
1.2831,1.0586, ,0.17874,0.391738,0.33315,0.0963717,,2
1.3974,1.0621, ,0.15462,0.449629,0.315648,0.0801027,,2
1.3238,0.78574, ,0.164663,0.410068,0.31882,0.106449,,2
1.1553,0.78556, ,0.189007,0.341278,0.33812,0.131595,,2
1.2045,0.88115, ,0.184212,0.361123,0.336544,0.118121,,2
1.4449,0.72351, ,0.151089,0.456795,0.298875,0.0932408,,2
1.4622,0.52376, ,0.163132,0.434745,0.294144,0.107979,,2
1.4527,1.2221, ,0.15091,0.472494,0.310814,0.0657825,,2
1.451,1.296, ,0.157971,0.465207,0.313647,0.0631742,,2
1.5817,1.1232, ,0.119811,0.546495,0.28001,0.0536838,,2
1.2827,1.3831, ,0.227164,0.353256,0.340312,0.0792681,,2
1.3651,1.2388, ,0.1755,0.421203,0.326939,0.0763582,,2
1.2275,0.72684, ,0.178449,0.367573,0.32909,0.124887,,2
1.3304,0.88741, ,0.163213,0.416857,0.320834,0.0990958,,2
1.488,0.72946, ,0.145725,0.475762,0.291606,0.0869065,,2
1.4016,0.9671, ,0.151668,0.45214,0.311896,0.0842952,,2
1.4529,0.6627, ,0.153697,0.452772,0.296739,0.0967927,,2
1.1269,1.2541, ,0.248416,0.29579,0.351549,0.104245,,3
1.166,1.0519, ,0.204129,0.337131,0.3458,0.11294,,3
1.2528,1.0872, ,0.187974,0.375086,0.337902,0.0990386,,2
0.99104,0.90529, ,0.222827,0.279452,0.352351,0.145371,,3
1.222,0.71114, ,0.179281,0.364687,0.329216,0.126816,,2
1.1542,0.80808, ,0.18979,0.340999,0.33897,0.13024,,2
1.0325,0.88522, ,0.213827,0.294467,0.349973,0.141733,,3
1.3278,1.0513, ,0.168636,0.414348,0.326588,0.0904275,,2
1.4644,0.99002, ,0.140735,0.483754,0.301118,0.0743932,,2
1.1367,0.68165, ,0.190089,0.332012,0.336335,0.141565,,3
1.2873,1.1393, ,0.184886,0.388417,0.335188,0.0915087,,2
1.42,0.97438, ,0.148469,0.461326,0.308887,0.0813177,,2
1.453,1.3505, ,0.163836,0.460228,0.315009,0.0609275,,2
1.3609,0.94328, ,0.15859,0.432078,0.317906,0.091426,,2
1.6339,1.2405, ,0.111068,0.57413,0.270896,0.0439059,,2
1.3663,1.0424, ,0.160209,0.434111,0.320253,0.0854279,,2
1.2676,1.0155, ,0.179105,0.386221,0.333726,0.100947,,2
1.4587,0.87352, ,0.14332,0.475915,0.299287,0.0814779,,2
1.2212,1.2976, ,0.22862,0.334735,0.345596,0.0910485,,3
1.3608,0.93835, ,0.158544,0.431973,0.317768,0.0917143,,2
1.4482,0.69653, ,0.152177,0.455091,0.297937,0.0947955,,2
1.383,1.3033, ,0.178647,0.424134,0.325942,0.0712773,,2
1.4572,0.93662, ,0.142316,0.47848,0.301063,0.0781409,,2
-1.4907,-1.578, ,0.240696,0.109225,0.540196,0.109884,,3
-1.1184,-1.5033, ,0.335175,0.0884802,0.412535,0.163809,,3
-1.1097,-1.6252, ,0.388862,0.0761115,0.381819,0.153208,,1
-1.1317,-1.5155, ,0.335464,0.0883204,0.414655,0.161561,,3
-1.111,-1.522, ,0.344515,0.0862186,0.406213,0.163054,,3
-1.6111,-1.3993, ,0.189692,0.120701,0.600573,0.0890335,,3
-1.2291,-1.6098, ,0.338402,0.0872119,0.429776,0.14461,,3
-1.158,-1.5707, ,0.347981,0.085196,0.412147,0.154675,,3
-1.1987,-1.6047, ,0.347372,0.0852362,0.419339,0.148052,,3
-1.2439,-1.8122, ,0.429733,0.068719,0.377476,0.124072,,1
-1.1822,-1.6513, ,0.373695,0.0794604,0.401446,0.145398,,3
-1.0262,-1.4921, ,0.35932,0.0830072,0.384878,0.172795,,3
-1.28,-1.7875, ,0.399523,0.0747018,0.40109,0.124685,,3
-1.2153,-1.6893, ,0.378302,0.0785715,0.403973,0.139154,,3
-1.1643,-1.5962, ,0.356217,0.0832938,0.408543,0.151946,,3
-1.153,-1.5872, ,0.356465,0.0832571,0.40655,0.153728,,3
-0.99149,-1.5044, ,0.374909,0.0793379,0.371935,0.173819,,1
-1.1475,-1.4275, ,0.301656,0.0970501,0.436126,0.165169,,3
-1.6241,-1.2849, ,0.183685,0.121921,0.609321,0.0850738,,3
-1.0042,-1.5105, ,0.373567,0.0796276,0.37442,0.172386,,3
-0.92204,-1.3745, ,0.344284,0.0876364,0.376593,0.191487,,3
-1.2013,-1.6791, ,0.379112,0.0783611,0.401306,0.141221,,3
-1.3275,-1.4731, ,0.263794,0.104928,0.49358,0.137698,,3
-1.0398,-1.3487, ,0.306739,0.0972068,0.413738,0.182317,,3
-1.1098,-1.6332, ,0.392593,0.0753156,0.379786,0.152306,,1
-1.2414,-1.666, ,0.35724,0.0830631,0.420664,0.139033,,3
-1.2494,-1.7592, ,0.398504,0.0746844,0.397144,0.129668,,1
-1.3543,-1.2345, ,0.219844,0.118669,0.527778,0.133709,,3
-1.1199,-1.4739, ,0.324327,0.0912386,0.418694,0.16574,,3
-1.731,-1.4515, ,0.172886,0.123487,0.633397,0.0702303,,3
-1.0738,-1.4237, ,0.320824,0.0926537,0.412491,0.174031,,3
-0.8871,-1.3508, ,0.344635,0.0878251,0.371451,0.196089,,3
-1.2135,-1.6725, ,0.371186,0.0800512,0.407874,0.140889,,3
-1.4271,-2.0021, ,0.449119,0.0674764,0.389557,0.0938479,,1
-1.7232,-1.748, ,0.204303,0.11854,0.603876,0.073281,,3
-1.182,-1.5906, ,0.347613,0.0852153,0.416386,0.150786,,3
-1.1357,-1.5913, ,0.364304,0.0815096,0.399374,0.154813,,3
-1.0797,-1.4835, ,0.339811,0.0875805,0.403523,0.169086,,3
-0.96045,-1.3943, ,0.341372,0.0881224,0.383674,0.186831,,3
-1.1452,-1.6066, ,0.367525,0.0807821,0.39909,0.152603,,3
-1.0188,-1.5319, ,0.37808,0.0785324,0.374239,0.169148,,1
-1.4422,-1.6288, ,0.268891,0.102716,0.511995,0.116398,,3
-1.1796,-1.6114, ,0.3571,0.0830769,0.410555,0.149268,,3
-1.3072,-1.158, ,0.22025,0.120962,0.517213,0.141575,,3
-1.0849,-1.567, ,0.37146,0.079956,0.38752,0.161065,,3
-1.0856,-1.502, ,0.344907,0.0862635,0.401799,0.167031,,3
-1.4503,-1.9839, ,0.424158,0.0721438,0.409268,0.09443,,1
-1.5876,-1.4918, ,0.201967,0.11802,0.586078,0.0939354,,3
-1.0736,-1.4201, ,0.319713,0.0929632,0.413036,0.174287,,3
-1.2367,-1.6438, ,0.349497,0.084734,0.424494,0.141274,,3
-1.3518,-1.285, ,0.225661,0.116379,0.523303,0.134658,,3
-1.0737,-1.4167, ,0.318593,0.0932733,0.413638,0.174495,,3
-1.172,-1.6015, ,0.355679,0.083404,0.410115,0.150802,,3
-1.0569,-1.4193, ,0.324033,0.0919584,0.407907,0.176101,,3
-1.0564,-1.5065, ,0.355737,0.0837495,0.391402,0.169112,,3
-1.6443,-1.5521, ,0.19615,0.119205,0.599703,0.0849412,,3
-1.2206,-1.732, ,0.397051,0.0747993,0.393704,0.134446,,1
-1.5027,-1.5441, ,0.230453,0.111654,0.549667,0.108225,,3
-0.92614,-1.3236, ,0.326406,0.0928213,0.385383,0.195389,,3
-1.4861,-1.4802, ,0.223777,0.113533,0.551457,0.111234,,3
-1.183,-1.4628, ,0.302164,0.0964428,0.442493,0.158901,,3
-1.1237,-1.4995, ,0.332149,0.0892027,0.415095,0.163553,,3
-1.107,-1.4593, ,0.32318,0.091663,0.417049,0.168108,,3
-1.0857,-1.5703, ,0.372614,0.0796921,0.387023,0.16067,,3
-1.3195,-1.5529, ,0.287493,0.0988498,0.477109,0.136548,,3
-1.5709,-1.7062, ,0.245423,0.108259,0.55054,0.0957784,,3
-1.1109,-1.4926, ,0.333614,0.0889267,0.412099,0.16536,,3
-0.98524,-1.4511, ,0.355393,0.0842056,0.380649,0.179752,,3
-1.2091,-1.5904, ,0.337933,0.0873678,0.426599,0.1481,,3
-1.161,-1.645, ,0.378908,0.0783163,0.39515,0.147626,,3
-1.8707,-1.6916, ,0.159768,0.129208,0.657991,0.0530324,,3
-1.086,-1.4255, ,0.318033,0.0932823,0.416094,0.17259,,3
-1.1978,-1.3652, ,0.272352,0.104845,0.462401,0.160402,,3
-1.3041,-1.7954, ,0.392549,0.0762265,0.409021,0.122204,,3
-1.1735,-1.6013, ,0.355055,0.0835422,0.410718,0.150685,,3
-1.2363,-1.715, ,0.38197,0.0778995,0.405077,0.135053,,3
-1.0841,-1.5639, ,0.370397,0.0801999,0.387966,0.161437,,3
-1.1345,-1.5403, ,0.343927,0.0862443,0.410465,0.159363,,3
-1.3645,-1.8535, ,0.394438,0.0764159,0.416843,0.112303,,3
-1.1124,-1.5794, ,0.367361,0.0808493,0.394001,0.157789,,3
-0.98304,-1.4547, ,0.357401,0.0837028,0.379339,0.179557,,3
-1.4879,-1.8039, ,0.311557,0.0937558,0.490858,0.10383,,3
-1.243,-1.774, ,0.409136,0.072586,0.389786,0.128492,,1
-1.1228,-1.5046, ,0.334275,0.0886751,0.413779,0.16327,,3
-1.7533,-1.386, ,0.168879,0.123501,0.641655,0.0659656,,3
-1.15,-1.6071, ,0.366008,0.0811163,0.400705,0.152171,,3
-1.0508,-1.5258, ,0.365301,0.0814666,0.385556,0.167676,,3
-1.3246,-1.2881, ,0.231131,0.115302,0.513906,0.139661,,3
-1.2983,-1.7588, ,0.376613,0.0792971,0.418032,0.126058,,3
-1.0808,-1.5263, ,0.355895,0.0836067,0.395182,0.165316,,3
-1.1787,-1.6465, ,0.37285,0.0796361,0.401379,0.146135,,3
-1.2186,-1.6922, ,0.378337,0.078575,0.40447,0.138619,,3
-1.0401,-1.4227, ,0.329785,0.0905572,0.402119,0.177538,,3
-1.282,-1.72, ,0.365101,0.0815338,0.422536,0.13083,,3
-1.1445,-1.2447, ,0.259353,0.110813,0.4588,0.171034,,3
-1.2794,-1.6713, ,0.344529,0.0858448,0.434693,0.134934,,3
-1.4955,-1.1798, ,0.196766,0.122416,0.574736,0.106081,,3
-1.5375,-1.7263, ,0.263279,0.104202,0.532347,0.100172,,3
-1.2438,-1.7221, ,0.382267,0.0778731,0.406066,0.133794,,3
-0.98119,-1.4552, ,0.358122,0.0835284,0.378713,0.179637,,3
-1.1176,-1.5463, ,0.351877,0.0844212,0.403294,0.160407,,3
-1.0917,-1.5864, ,0.377609,0.0785623,0.385249,0.15858,,3
-1.0766,-1.5773, ,0.378792,0.0783047,0.382346,0.160558,,3
