0.294095,0.50265, ,0.33974,0.00401143,0.0660559,0.590192,4
0.086725,0.78295, ,0.501302,0.000525623,0.00751165,0.490661,1
-0.018234,0.70265, ,0.559552,0.00129415,0.00507751,0.434077,1
0.0360245,0.6551, ,0.549319,0.00179738,0.00802964,0.440853,1
0.270235,0.52965, ,0.369774,0.00331705,0.0531155,0.573793,4
-0.125,0.8118, ,0.539768,0.000661406,0.00209203,0.457479,1
0.01591,0.7791, ,0.535082,0.000631747,0.00486847,0.459418,1
-0.12855,0.82075, ,0.536688,0.000625029,0.00199936,0.460688,1
-0.011899,0.73505, ,0.553069,0.000960829,0.00476082,0.441209,1
-0.199225,0.75455, ,0.531859,0.00117617,0.00187283,0.465092,1
0.028744,0.73655, ,0.54084,0.000869475,0.00601889,0.452272,1
-0.18028,0.7238, ,0.543248,0.00146241,0.00221392,0.453076,1
0.21715,0.6403, ,0.426062,0.00129499,0.0281733,0.54447,4
0.17576,0.65485, ,0.463327,0.00127358,0.0202189,0.515181,4
0.046091,0.70805, ,0.53932,0.00107338,0.00730699,0.452299,1
0.08575,0.7479, ,0.511552,0.000695929,0.00833698,0.479415,1
0.08693,0.7424, ,0.512202,0.000726477,0.00854611,0.478525,1
-0.060075,0.7106, ,0.563456,0.00131211,0.00395598,0.431276,1
-0.033208,0.72695, ,0.558433,0.0010769,0.0043363,0.436153,1
0.05575,0.7002, ,0.536379,0.00112728,0.00794708,0.454547,1
0.209765,0.5987, ,0.43566,0.00200209,0.0297079,0.53263,4
0.12615,0.7589, ,0.48257,0.000579409,0.0105686,0.506282,4
0.147525,0.59055, ,0.489289,0.00261155,0.01969,0.48841,1
-4.0481e-05,0.75345, ,0.546336,0.000802911,0.00480994,0.448051,1
0.138475,0.6672, ,0.491852,0.001253,0.0150861,0.491808,1
-0.028577,0.7593, ,0.551347,0.000812703,0.0040162,0.443824,1
-0.079125,0.7169, ,0.562937,0.00128877,0.00352296,0.432251,1
0.21415,0.202965, ,0.291383,0.104086,0.0542976,0.550233,4
0.07394,0.712, ,0.525627,0.000972722,0.00861402,0.464786,1
-0.0296855,0.7866, ,0.544762,0.000656283,0.00365531,0.450926,1
0.09845,0.7831, ,0.494127,0.00051144,0.00811568,0.497246,4
0.11393,0.72365, ,0.499663,0.000799371,0.0108335,0.488704,1
0.19072,0.7077, ,0.441632,0.000753464,0.0193836,0.538231,4
0.191985,0.6534, ,0.448961,0.00123245,0.0227577,0.527049,4
0.288125,0.55205, ,0.350603,0.0024437,0.0574082,0.589546,4
-0.0438765,0.7522, ,0.555111,0.000889176,0.00378014,0.440219,1
0.454125,0.67375, ,0.149649,0.000362019,0.132352,0.717638,4
0.07024,0.29735, ,0.433374,0.0595401,0.0216092,0.485477,4
0.22105,0.69795, ,0.413976,0.000752234,0.0247725,0.5605,4
0.193135,0.72, ,0.436754,0.000673551,0.0190265,0.543546,4
-0.3032,0.73115, ,0.472764,0.00165607,0.00147677,0.524103,4
0.2221,0.50165, ,0.417359,0.00530795,0.0403102,0.537023,4
0.11719,0.63795, ,0.509339,0.00175532,0.0141625,0.474743,1
0.314,0.39892, ,0.297151,0.0111179,0.0891701,0.602561,4
0.317245,0.21287, ,0.221467,0.0692181,0.10323,0.606085,4
0.21471,0.7049, ,0.41903,0.000721384,0.0232044,0.557044,4
0.013524,0.69355, ,0.553023,0.00131465,0.00626561,0.439396,1
0.277335,0.292255, ,0.296417,0.0383484,0.0785687,0.586666,4
0.24016,0.7687, ,0.376464,0.000402061,0.0230629,0.600071,4
0.142165,0.5024, ,0.484748,0.00665678,0.0234314,0.485164,4
0.099415,0.67865, ,0.516544,0.00124113,0.0112241,0.470991,1
0.067535,0.67285, ,0.534469,0.00141337,0.0092801,0.454838,1
-0.184205,0.7302, ,0.541086,0.00139578,0.00213777,0.45538,1
0.158555,0.6957, ,0.471999,0.000913775,0.0159884,0.511099,4
0.14033,0.6923, ,0.486877,0.000988094,0.0142276,0.497908,4
0.22848,0.5097, ,0.412168,0.00476894,0.0414302,0.541632,4
-0.118915,0.74075, ,0.556299,0.00113532,0.00270695,0.439859,1
0.214675,0.380605, ,0.392351,0.0194691,0.0475181,0.540662,4
0.102275,0.7511, ,0.500791,0.00065255,0.0092108,0.489345,1
0.266245,0.63125, ,0.374243,0.00119917,0.0409516,0.583606,4
-0.186915,0.7253, ,0.540632,0.00146056,0.00214922,0.455758,1
0.20104,0.480905, ,0.433571,0.00708056,0.0364039,0.522945,4
-0.29165,0.79555, ,0.4727,0.00101256,0.00124233,0.525045,4
0.31842,0.5009, ,0.310758,0.00367452,0.0782019,0.607366,4
-0.111865,0.705, ,0.561947,0.00152252,0.00312779,0.433403,1
0.16308,0.68975, ,0.469288,0.000952662,0.0167862,0.512973,4
-0.00124795,0.7074, ,0.555176,0.00119673,0.0055117,0.438115,1
0.225625,0.52815, ,0.417164,0.00395889,0.0390676,0.539809,4
0.0294365,0.7054, ,0.546179,0.00114049,0.00664972,0.446031,1
-0.10014,0.7142, ,0.562202,0.00137395,0.00320957,0.433214,1
0.039481,0.8121, ,0.51588,0.00046916,0.00504615,0.478605,1
0.092005,0.497305, ,0.514035,0.00791577,0.0171492,0.4609,1
-0.043317,0.72005, ,0.560819,0.00116743,0.00419509,0.433818,1
0.245795,0.307155, ,0.332306,0.0369406,0.0634575,0.567296,4
-0.1748,0.7062, ,0.546856,0.00168279,0.00238918,0.449072,1
0.07795,0.7487, ,0.515714,0.000703747,0.00790264,0.47568,1
0.18298,0.57605, ,0.460243,0.00274217,0.0260356,0.510979,4
0.08908,0.6728, ,0.523253,0.00134423,0.0106649,0.464738,1
-0.17186,0.76905, ,0.539274,0.000998831,0.00197957,0.457747,1
0.13451,0.6402, ,0.497343,0.00164211,0.0158193,0.485196,1
0.13274,0.6745, ,0.495108,0.00118732,0.0142106,0.489494,1
-0.16919,0.7232, ,0.547077,0.00144199,0.00231512,0.449166,1
0.338315,0.70905, ,0.277667,0.000463232,0.0558034,0.666066,4
0.25203,0.6995, ,0.380752,0.000675209,0.0308478,0.587725,4
0.06574,0.7409, ,0.523923,0.000772032,0.00748218,0.467823,1
0.12797,0.66125, ,0.500077,0.00136239,0.0142791,0.484282,1
-0.124265,0.7216, ,0.558214,0.00134834,0.00280793,0.43763,1
0.172255,0.77945, ,0.439515,0.000442533,0.0136717,0.546371,4
-0.07546,0.7152, ,0.563197,0.00129876,0.00360683,0.431898,1
0.032616,0.6665, ,0.549676,0.00162369,0.00760953,0.441091,1
0.141645,0.6864, ,0.486832,0.00103922,0.0146024,0.497526,4
0.33013,0.218225, ,0.213278,0.0625633,0.111723,0.612435,4
-0.184645,0.75495, ,0.537443,0.00114247,0.00197275,0.459442,1
-0.10124,0.6768, ,0.565418,0.00192455,0.00358388,0.429074,1
-0.28442,0.77085, ,0.482022,0.00119512,0.00136816,0.515415,4
0.233895,0.6688, ,0.405486,0.000939196,0.0294498,0.564125,4
-0.039106,0.7705, ,0.550397,0.00075907,0.00365774,0.445187,1
0.020181,0.81565, ,0.522332,0.000476413,0.00443158,0.47276,1
0.253665,0.57895, ,0.39035,0.00211149,0.0424611,0.565077,4
0.125945,0.7588, ,0.482745,0.000580152,0.0105571,0.506118,4
0.17055,0.5045, ,0.463809,0.00603042,0.0281894,0.501971,4
-0.0120625,0.7213, ,0.555541,0.00108251,0.00496426,0.438412,1
0.12922,0.6614, ,0.499185,0.00135608,0.0143948,0.485064,1
0.486965,0.54925, ,0.121334,0.000849817,0.205595,0.672221,4
0.270925,0.6998, ,0.359465,0.000633776,0.0353347,0.604567,4
0.160215,0.38661, ,0.437843,0.0212441,0.0330063,0.507906,4
0.18959,0.5494, ,0.453061,0.00354975,0.0290269,0.514362,4
-0.000408545,0.7829, ,0.539054,0.000635012,0.00436759,0.455944,1
0.35304,0.7216, ,0.257537,0.000397242,0.0597586,0.682307,4
0.175025,0.7188, ,0.453467,0.000714392,0.0167853,0.529033,4
0.17305,0.85585, ,0.409577,0.000261579,0.0106607,0.579501,4
-0.19537,0.72875, ,0.536912,0.00143966,0.00206101,0.459588,1
0.202065,0.63245, ,0.44146,0.00146438,0.0258329,0.531243,4
-0.0075985,0.7095, ,0.556387,0.0011903,0.00528038,0.437143,1
-0.0383815,0.69525, ,0.563518,0.00144195,0.00464969,0.430391,1
0.24523,0.7361, ,0.380051,0.000509215,0.0264209,0.593019,4
0.24396,0.262555, ,0.309768,0.0568196,0.0646829,0.56873,4
0.18587,0.5653, ,0.457309,0.00303973,0.0272557,0.512396,4
-0.06424,0.78045, ,0.550472,0.000739252,0.00310192,0.445687,1
-0.014785,0.72095, ,0.556176,0.00109205,0.00489367,0.437838,1
0.300665,0.71295, ,0.322133,0.000514289,0.0422027,0.63515,4
-0.124005,0.8068, ,0.541287,0.000684413,0.00213627,0.455893,1
0.24935,0.7183, ,0.379787,0.000581132,0.0286785,0.590953,4
-0.058915,0.6566, ,0.567873,0.00214914,0.00468952,0.425289,1
0.118695,0.62225, ,0.509129,0.00204318,0.0149269,0.473901,1
-0.097525,0.7642, ,0.554143,0.000899,0.00277283,0.442185,1
0.303045,0.66725, ,0.327138,0.000751391,0.0485969,0.623514,4
-0.06099,0.73935, ,0.559071,0.00102505,0.00359847,0.436306,1
0.0236165,0.7038, ,0.548433,0.00117185,0.00645132,0.443944,1
-0.039565,0.7529, ,0.554423,0.000876228,0.00386021,0.44084,1
-0.21755,0.74775, ,0.524698,0.00128096,0.00179612,0.472225,1
-0.07361,0.6915, ,0.565853,0.00159881,0.00391706,0.428632,1
0.17845,0.5142, ,0.458835,0.00531998,0.0291142,0.506731,4
-0.100675,0.7432, ,0.557911,0.00107388,0.00292171,0.438093,1
0.008946,0.93115, ,0.475953,0.000236252,0.00276904,0.521042,4
0.30818,0.453145, ,0.315872,0.00640492,0.0792454,0.598477,4
0.181975,0.69035, ,0.45286,0.000899995,0.0191433,0.527096,4
0.108445,0.6526, ,0.513827,0.00155528,0.0128305,0.471788,1
0.287225,0.387205, ,0.323313,0.0140941,0.0759999,0.586593,4
0.2717,0.425955, ,0.350807,0.00995516,0.0648225,0.574416,4
-0.018505,0.72545, ,0.556175,0.00105822,0.00472587,0.438041,1
-0.10297,0.78205, ,0.549797,0.000789847,0.00255058,0.446862,1
0.237575,0.6243, ,0.406279,0.00141633,0.0339543,0.55835,4
0.18867,0.6349, ,0.453726,0.00148821,0.0233517,0.521434,4
0.462485,0.69895, ,0.138991,0.000287715,0.131004,0.729717,4
-0.151875,0.7185, ,0.552648,0.00145573,0.00251918,0.443377,1
0.0264245,0.71655, ,0.545441,0.00103942,0.006312,0.447208,1
0.054055,0.7446, ,0.528667,0.000768302,0.006867,0.463698,1
-0.129025,0.7408, ,0.554679,0.00115685,0.00258748,0.441576,1
0.21119,0.7504, ,0.411694,0.000500443,0.0197796,0.568026,4
0.0142405,0.6914, ,0.553078,0.00133877,0.00633295,0.439251,1
0.3628,0.345975, ,0.228608,0.0152747,0.128679,0.627438,4
-0.043247,0.65205, ,0.567114,0.00217828,0.00515807,0.42555,1
0.222385,0.5944, ,0.423245,0.00200811,0.0328175,0.541929,4
-0.046749,0.696, ,0.564292,0.00145638,0.0044364,0.429816,1
0.133125,0.71745, ,0.487539,0.000804739,0.0125783,0.499078,4
0.24366,0.68485, ,0.392549,0.000787846,0.030244,0.57642,4
-0.21498,0.78195, ,0.520167,0.00097981,0.00162402,0.477229,1
-0.010626,0.6772, ,0.560845,0.00160922,0.00572299,0.431823,1
0.13791,0.71235, ,0.485033,0.000831341,0.0131973,0.500939,4
0.106315,0.7186, ,0.50567,0.00085057,0.0104498,0.48303,1
0.06116,0.737, ,0.527034,0.000806147,0.00735458,0.464805,1
-0.207905,0.76365, ,0.526686,0.0011121,0.00176446,0.470438,1
-0.05275,0.72725, ,0.560576,0.00111782,0.00390195,0.434404,1
0.16879,0.72235, ,0.458094,0.000704549,0.0158941,0.525308,4
-0.15576,0.7522, ,0.546939,0.00110787,0.00222799,0.449725,1
0.051295,0.69045, ,0.539731,0.00124477,0.00795567,0.451068,1
0.26203,0.390505, ,0.350748,0.015001,0.0640716,0.57018,4
0.34398,0.423975, ,0.268406,0.00738988,0.104699,0.619506,4
-0.13161,0.70145, ,0.559024,0.00162815,0.00289552,0.436452,1
0.07958,0.7403, ,0.516819,0.000751934,0.00819751,0.474232,1
0.236415,0.6888, ,0.399638,0.0007782,0.0283921,0.571192,4
-0.180935,0.73615, ,0.541528,0.00132138,0.00212389,0.455027,1
0.0329055,0.6781, ,0.548463,0.00145441,0.00736793,0.442714,1
0.234645,0.373895, ,0.371697,0.0195919,0.054714,0.553997,4
-0.046335,0.74075, ,0.55764,0.000983272,0.00386876,0.437508,1
0.14701,0.6735, ,0.48461,0.0011548,0.0157179,0.498517,4
0.050065,0.73505, ,0.532564,0.000840227,0.00689801,0.459698,1
-0.11048,0.78285, ,0.548963,0.000796893,0.00245661,0.447783,1
0.14998,0.6831, ,0.480928,0.00104816,0.0156146,0.502409,4
0.3924,0.5853, ,0.223922,0.0010768,0.108755,0.666246,4
-0.0673,0.6945, ,0.565529,0.00153715,0.0040065,0.428927,1
0.279055,0.509, ,0.357785,0.0039877,0.0588495,0.579378,4
-0.09993,0.7501, ,0.556744,0.00101281,0.00286822,0.439375,1
0.043401,0.75785, ,0.530203,0.000705145,0.00616206,0.46293,1
0.05178,0.677, ,0.541168,0.00140902,0.00830221,0.449121,1
0.22853,0.66135, ,0.412114,0.00102333,0.0289095,0.557953,4
0.08475,0.6328, ,0.528797,0.00199971,0.0116064,0.457597,1
-0.0403325,0.7283, ,0.55916,0.0010801,0.0041545,0.435606,1
0.092935,0.454715, ,0.502683,0.0122942,0.0189523,0.466071,1
0.273445,0.441515, ,0.352648,0.00837947,0.0639652,0.575007,4
0.36733,0.443385, ,0.244363,0.0053185,0.118306,0.632012,4
-0.036335,0.8109, ,0.538825,0.000554919,0.00325393,0.457366,1
0.312585,0.61905, ,0.320483,0.00112964,0.0586247,0.619763,4
0.18257,0.67305, ,0.455041,0.00105249,0.0201793,0.523727,4
0.12683,0.6878, ,0.497407,0.00106552,0.0131406,0.488387,1
-0.0194065,0.6838, ,0.561915,0.00154103,0.00534108,0.431203,1
0.091465,0.74425, ,0.509114,0.000707932,0.00875538,0.481422,1
0.098645,0.7323, ,0.50756,0.000769774,0.00952534,0.482145,1
0.19293,0.72765, ,0.435184,0.000631992,0.0185746,0.545609,4
-0.19155,-0.6354, ,0.00243117,0.555949,0.000975497,0.440644,2
-0.19202,-0.68505, ,0.00178209,0.521033,0.000836606,0.476349,2
-0.21482,-0.72655, ,0.00137294,0.446619,0.000732812,0.551276,4
-0.23238,-0.55565, ,0.00404188,0.532448,0.00123991,0.46227,2
-0.25083,-0.58735, ,0.00326154,0.484823,0.00112565,0.51079,4
-0.21974,-0.67075, ,0.00194265,0.484044,0.000874726,0.513139,4
-0.181085,-0.44865, ,0.00814456,0.634056,0.00174044,0.356059,2
-0.26319,-0.6634, ,0.00197436,0.411131,0.000889641,0.586005,4
-0.40386,-0.463755, ,0.00538497,0.271086,0.00147386,0.722056,4
-0.330005,-0.5286, ,0.00430294,0.373414,0.00130402,0.620979,4
-0.398835,-0.51545, ,0.00387627,0.258919,0.00128152,0.735923,4
-0.09137,-0.90575, ,0.000484757,0.469497,0.000402866,0.529616,4
-0.115145,-0.6885, ,0.00166229,0.635336,0.000823925,0.362177,2
-0.19559,-0.74595, ,0.00122564,0.463331,0.000689038,0.534755,4
-0.34785,-0.470305, ,0.00608067,0.365727,0.00152032,0.626672,4
-0.226775,-0.5117, ,0.00538818,0.55841,0.00141431,0.434788,2
-0.359195,-0.47347, ,0.00578943,0.344462,0.00149498,0.648254,4
-0.197905,-0.57555, ,0.00356415,0.57799,0.00117105,0.417275,2
-0.18286,-0.698, ,0.00164286,0.526439,0.000803053,0.471115,2
-0.164345,-0.71085, ,0.00150972,0.546821,0.00077036,0.450899,2
-0.40551,-0.5693, ,0.00262529,0.222478,0.0010821,0.773814,4
-0.14283,-0.6994, ,0.00159721,0.588931,0.000797239,0.408674,2
-0.190065,-0.65215, ,0.00218742,0.547653,0.000926445,0.449233,2
-0.38517,-0.489895, ,0.00481594,0.292769,0.00139734,0.701018,4
-0.15915,-0.61725, ,0.00268816,0.614905,0.00103124,0.381376,2
-0.146445,-0.72335, ,0.00138627,0.565419,0.000739472,0.432455,2
-0.213615,-0.6278, ,0.0025532,0.524461,0.000998641,0.471987,2
-0.182725,-0.6914, ,0.00171097,0.531761,0.000819836,0.465708,2
-0.265895,-0.6316, ,0.00241773,0.429594,0.000981797,0.567007,4
-0.2654,-0.60095, ,0.00295079,0.450772,0.00107803,0.545199,4
-0.392695,-0.489085, ,0.00472498,0.280292,0.00139028,0.713592,4
-0.170045,-0.665, ,0.0020057,0.571002,0.00088944,0.426103,2
-0.42394,-0.408675, ,0.00719683,0.25472,0.00166513,0.736418,4
-0.10968,-0.7398, ,0.00121754,0.60746,0.000699695,0.390623,2
-0.26745,-0.6168, ,0.00265684,0.436854,0.00102701,0.559462,4
-0.16375,-0.6038, ,0.00293586,0.614957,0.00107517,0.381032,2
-0.240175,-0.75915, ,0.00110022,0.370098,0.000653592,0.628148,4
-0.22474,-0.66625, ,0.00199502,0.478609,0.000886849,0.518509,4
-0.213345,-0.7309, ,0.00133729,0.445362,0.000722633,0.552578,4
-0.284695,-0.48976, ,0.0059771,0.470517,0.00148559,0.52202,4
-0.283685,-0.6276, ,0.00242816,0.39972,0.000989143,0.596863,4
-0.221635,-0.64115, ,0.00234163,0.502028,0.000958504,0.494672,2
-0.296505,-0.5072, ,0.00525102,0.443317,0.00140765,0.550025,4
-0.177735,-0.60505, ,0.0029336,0.594175,0.00107067,0.401821,2
-0.172885,-0.73035, ,0.00134564,0.51665,0.000724581,0.48128,2
-0.168905,-0.71015, ,0.001519,0.539954,0.000772311,0.457755,2
-0.233495,-0.5667, ,0.00376129,0.525398,0.00119958,0.469641,2
-0.26005,-0.50045, ,0.00570597,0.508657,0.00145118,0.484186,2
-0.474395,-0.5847, ,0.00173676,0.124206,0.000928921,0.873128,4
-0.15663,-0.64995, ,0.00218587,0.600691,0.000931401,0.396191,2
-0.225105,-0.6122, ,0.00281379,0.514665,0.00104682,0.481475,2
-0.259155,-0.6225, ,0.00258131,0.448105,0.00101096,0.548302,4
-0.260615,-0.63875, ,0.00232089,0.434184,0.000961449,0.562533,4
-0.214435,-0.8681, ,0.000581519,0.303018,0.00044476,0.695956,4
-0.236265,-0.6281, ,0.0025303,0.485264,0.000996735,0.511209,4
-0.26482,-0.5724, ,0.00355441,0.468504,0.00117427,0.526767,4
-0.30886,-0.54185, ,0.00410255,0.405284,0.00126779,0.589345,4
-0.35753,-0.61995, ,0.00218249,0.271913,0.000969396,0.724935,4
-0.23319,-0.63085, ,0.00248984,0.488837,0.000988628,0.507685,4
-0.22087,-0.6476, ,0.00224817,0.498914,0.000939714,0.497898,2
-0.17093,-0.70985, ,0.0015229,0.536871,0.000773145,0.460833,2
-0.22012,-0.4968, ,0.00594708,0.57289,0.00148073,0.419682,2
-0.19459,-0.58525, ,0.00334684,0.578535,0.00113714,0.416981,2
-0.221685,-0.48959, ,0.00623327,0.572417,0.00151245,0.419837,2
-0.16677,-0.6261, ,0.00255384,0.599347,0.00100328,0.397096,2
-0.208365,-0.6698, ,0.00195939,0.504591,0.000877546,0.492573,2
-0.200785,-0.7189, ,0.00144526,0.478382,0.000751804,0.519421,4
-0.24768,-0.6825, ,0.00177356,0.424479,0.000840256,0.572908,4
-0.34005,-0.467255, ,0.00631569,0.380653,0.00154098,0.611491,4
-0.17992,-0.71525, ,0.00147723,0.517505,0.000760437,0.480257,2
-0.242925,-0.80005, ,0.000849696,0.324926,0.000564939,0.673659,4
-0.408365,-0.5417, ,0.00313471,0.231511,0.00117336,0.764181,4
-0.211195,-0.6151, ,0.00276889,0.536246,0.00103807,0.459947,2
-0.239315,-0.5977, ,0.00307135,0.498902,0.00109263,0.496934,2
-0.209565,-0.61185, ,0.00282712,0.540826,0.0010484,0.455299,2
-0.197825,-0.79755, ,0.000897063,0.408403,0.000579437,0.59012,4
-0.16965,-0.69495, ,0.00166719,0.550478,0.000810129,0.447045,2
-0.19504,-0.8051, ,0.000858565,0.405502,0.000564827,0.593075,4
-0.224625,-0.58455, ,0.00336083,0.531079,0.00113795,0.464423,2
-0.167235,-0.6665, ,0.00198446,0.574371,0.000885155,0.422759,2
-0.241985,-0.5262, ,0.00487598,0.529098,0.00135113,0.464675,2
-0.23052,-0.70645, ,0.00154365,0.435815,0.000780485,0.561861,4
-0.1431,-0.73335, ,0.00130304,0.562624,0.000716191,0.435357,2
-0.240705,-0.7074, ,0.00152304,0.416412,0.000776688,0.581288,4
-0.14501,-0.78525, ,0.000962375,0.513126,0.000606061,0.485305,2
-0.22732,-0.6615, ,0.00205373,0.477586,0.000899904,0.51946,4
-0.173545,-0.72005, ,0.00143251,0.524239,0.000748729,0.473579,2
-0.37348,-0.5288, ,0.00384823,0.295725,0.00126364,0.699163,4
-0.178775,-0.7246, ,0.00139518,0.5116,0.000738158,0.486267,2
-0.286165,-0.54105, ,0.00426333,0.446656,0.00128105,0.5478,4
-0.194535,-0.6534, ,0.00217187,0.539511,0.000923021,0.457394,2
-0.184985,-0.7508, ,0.00119124,0.477527,0.000678519,0.520603,4
-0.223315,-0.6059, ,0.00293104,0.521435,0.00106707,0.474567,2
-0.19395,-0.57345, ,0.00360986,0.584903,0.00117884,0.410308,2
-0.19934,-0.569, ,0.0037185,0.578725,0.0011945,0.416362,2
-0.18347,-0.65625, ,0.00212864,0.555581,0.000914538,0.441376,2
-0.20704,-0.6288, ,0.0025383,0.534805,0.000995635,0.461661,2
-0.323445,-0.494335, ,0.00546666,0.400364,0.00144277,0.592726,4
-0.208145,-0.6995, ,0.00162753,0.481764,0.000799516,0.515809,4
-0.21902,-0.6594, ,0.00208741,0.493735,0.00090615,0.503271,4
-0.177205,-0.62535, ,0.00257891,0.584209,0.00100577,0.412206,2
-0.21919,-0.5872, ,0.00330755,0.53864,0.00112927,0.456923,2
-0.231005,-0.5001, ,0.00580605,0.55543,0.0014626,0.437301,2
-0.190645,-0.55675, ,0.00401711,0.596683,0.00124088,0.398059,2
-0.29544,-0.4257, ,0.00897348,0.468953,0.0017701,0.520304,4
-0.214645,-0.68595, ,0.00176837,0.481239,0.000834247,0.516158,4
-0.25529,-0.6659, ,0.00195869,0.423701,0.000884278,0.573456,4
-0.219125,-0.68385, ,0.00178926,0.474974,0.000839596,0.522397,4
-0.225175,-0.53315, ,0.00468683,0.553412,0.0013271,0.440574,2
-0.3091,-0.45307, ,0.0073513,0.43954,0.00163019,0.551478,4
-0.16398,-0.7092, ,0.00152467,0.548705,0.000774354,0.448996,2
-0.149295,-0.7841, ,0.000970699,0.507076,0.000608436,0.491345,2
-0.22551,-0.5473, ,0.00427489,0.547231,0.00127217,0.447222,2
-0.16942,-0.84825, ,0.000672985,0.403933,0.000488032,0.594906,4
-0.21291,-0.741, ,0.00125666,0.436895,0.000699178,0.561149,4
-0.149735,-0.67855, ,0.00182297,0.592944,0.000851549,0.404381,2
-0.120985,-0.77145, ,0.00102499,0.564574,0.000632826,0.433768,2
-0.142865,-0.6405, ,0.00229481,0.625521,0.000959063,0.371225,2
-0.39254,-0.496875, ,0.00448727,0.277386,0.00136034,0.716767,4
-0.262545,-0.6827, ,0.00174488,0.397006,0.00083669,0.600412,4
-0.31606,-0.55665, ,0.0036738,0.384376,0.00121013,0.61074,4
-0.28494,-0.63465, ,0.00231481,0.392431,0.000967313,0.604287,4
-0.222665,-0.78655, ,0.000943787,0.37486,0.000597972,0.623598,4
-0.29427,-0.52775, ,0.00460266,0.438429,0.00132801,0.555641,4
-0.144795,-0.62505, ,0.00253222,0.630838,0.00100671,0.365623,2
-0.188295,-0.67295, ,0.00192026,0.536199,0.000868616,0.461012,2
-0.177025,-0.65705, ,0.00211354,0.565295,0.00091199,0.43168,2
-0.183895,-0.779, ,0.00100596,0.452251,0.00061833,0.546125,4
-0.179745,-0.9245, ,0.000435139,0.29737,0.000363664,0.701831,4
-0.255025,-0.7603, ,0.00107319,0.342092,0.000647025,0.656188,4
-0.22359,-0.6753, ,0.00188502,0.473741,0.000862199,0.523512,4
-0.1973,-0.67505, ,0.00189711,0.519607,0.000863233,0.477633,2
-0.1825,-0.59145, ,0.00320541,0.593742,0.00111627,0.401936,2
-0.158275,-0.67095, ,0.00192105,0.585148,0.000872488,0.412059,2
-0.153595,-0.71635, ,0.00145227,0.559695,0.000756472,0.438096,2
-0.232495,-0.59615, ,0.00311147,0.511505,0.00109835,0.484285,2
-0.325395,-0.4434, ,0.0076127,0.413731,0.00165948,0.576996,4
-0.22638,-0.67525, ,0.00188335,0.468809,0.000862166,0.528446,4
-0.136,-0.69575, ,0.0016239,0.601554,0.000806041,0.396016,2
-0.30749,-0.58315, ,0.00313211,0.384855,0.00112266,0.61089,4
-0.159945,-0.68235, ,0.00179262,0.574896,0.000842092,0.422469,2
-0.25695,-0.515, ,0.00519995,0.508618,0.0013921,0.48479,2
-0.21461,-0.62355, ,0.00262285,0.525447,0.00101165,0.470918,2
-0.39658,-0.55165, ,0.00305864,0.245562,0.00115413,0.750225,4
-0.228485,-0.475845, ,0.00681134,0.5655,0.00157279,0.426116,2
-0.2113,-0.6575, ,0.00211615,0.50847,0.000911628,0.488502,2
-0.24267,-0.68615, ,0.00174001,0.430669,0.000831313,0.56676,4
-0.24653,-0.62205, ,0.00261466,0.471088,0.00101425,0.525284,4
-0.241465,-0.62275, ,0.00261122,0.479618,0.00101265,0.516758,4
-0.19825,-0.7785, ,0.00100565,0.427109,0.000618327,0.571267,4
-0.193175,-0.712, ,0.00150887,0.497543,0.000768577,0.50018,4
-0.23072,-0.5909, ,0.00322048,0.517462,0.00111598,0.478201,2
-0.20563,-0.7673, ,0.00107311,0.424932,0.000641353,0.573354,4
-0.24635,-0.53445, ,0.00461066,0.518595,0.00131769,0.475477,2
-0.222335,-0.6032, ,0.0029829,0.524645,0.00107587,0.471297,2
-0.39842,-0.57775, ,0.00254398,0.22921,0.00106282,0.767183,4
-0.3009,-0.455935, ,0.00730504,0.452942,0.00162358,0.53813,4
-0.266875,-0.52675, ,0.00477807,0.487061,0.00134225,0.506819,4
-0.25605,-0.5626, ,0.00381554,0.489072,0.00121075,0.505902,4
-0.227145,-0.71485, ,0.00146744,0.434673,0.000759969,0.5631,4
-0.43145,-0.56205, ,0.00248575,0.187445,0.00106988,0.808999,4
-0.249525,-0.6039, ,0.00293319,0.477322,0.00107122,0.518674,4
-0.27121,-0.7049, ,0.00149572,0.362552,0.000775821,0.635176,4
-0.192905,-0.7316, ,0.00133811,0.481104,0.00072191,0.516836,4
-0.18774,-0.75335, ,0.00117294,0.470304,0.000672841,0.52785,4
-0.143055,-0.66965, ,0.0019157,0.608411,0.000875282,0.388798,2
-0.168155,-0.7109, ,0.00151165,0.540585,0.000770448,0.457133,2
-0.17338,-0.79415, ,0.000920219,0.455494,0.000588211,0.542997,4
-0.30517,-0.481565, ,0.00613517,0.437624,0.00150846,0.554733,4
-0.13259,-0.8983, ,0.000511611,0.409179,0.000410785,0.589898,4
-0.180505,-0.7242, ,0.00139899,0.508998,0.000739143,0.488864,2
-0.197165,-0.62675, ,0.00257017,0.55219,0.00100182,0.444238,2
-0.24475,-0.62245, ,0.00261099,0.473991,0.00101323,0.522385,4
-0.255825,-0.5861, ,0.00327623,0.476752,0.00112906,0.518843,4
-0.245475,-0.59655, ,0.00308376,0.488864,0.00109573,0.506957,4
-0.23817,-0.5952, ,0.00312297,0.502327,0.00110099,0.493449,2
-0.201635,-0.60005, ,0.00304761,0.560146,0.00108683,0.43572,2
-0.34853,-0.49668, ,0.0050993,0.354379,0.00141213,0.63911,4
-0.11715,-0.75435, ,0.00112732,0.585035,0.000668313,0.413169,2
-0.23504,-0.55275, ,0.00411475,0.529387,0.00125027,0.465248,2
-0.3097,-0.6133, ,0.00255668,0.361611,0.00102301,0.63481,4
-0.177835,-0.6796, ,0.00183786,0.548533,0.00085037,0.448779,2
-0.14917,-0.7232, ,0.00138996,0.561265,0.000739996,0.436605,2
-0.22117,-0.6219, ,0.00264734,0.515393,0.00101659,0.480943,2
-0.16892,-0.79715, ,0.000904066,0.460243,0.000582492,0.53827,4
-0.36112,-0.5069, ,0.004614,0.327556,0.00135955,0.666471,4
-0.242125,-0.78565, ,0.000930322,0.34071,0.000595239,0.657764,4
-0.222865,-0.7151, ,0.0014687,0.442215,0.000759795,0.555557,4
-0.24754,-0.6178, ,0.00268534,0.472068,0.00102733,0.524219,4
-0.360965,-0.448815, ,0.00678125,0.34964,0.00159667,0.641982,4
-0.37011,-0.58955, ,0.00258183,0.269068,0.00105523,0.727295,4
-0.14535,-0.80245, ,0.000871902,0.495428,0.000572646,0.503127,4
-0.21034,-0.714, ,0.00148647,0.465673,0.000763365,0.532077,4
-0.20576,-0.66725, ,0.00199156,0.510941,0.000884521,0.486182,2
-0.23244,-0.62865, ,0.00252597,0.49161,0.000995344,0.504869,4
-0.21332,-0.59685, ,0.00311102,0.54309,0.0010971,0.452702,2
-0.22507,-0.60355, ,0.00297419,0.519843,0.00107459,0.476108,2
-0.24789,-0.6048, ,0.00291941,0.479659,0.00106853,0.516353,4
-0.267385,-0.64725, ,0.00218124,0.415612,0.000934944,0.581272,4
-0.2199,-0.55815, ,0.00398876,0.551512,0.00123225,0.443267,2
0.7572,0.5111, ,0.00618256,0.000103768,0.609981,0.383732,3
0.49277,0.285415, ,0.0941075,0.0121311,0.271419,0.622342,4
0.7636,0.5807, ,0.00577079,6.37296e-05,0.589536,0.40463,3
0.6518,0.48648, ,0.0239427,0.000366215,0.459846,0.515845,4
0.77725,0.65605, ,0.00477426,3.77002e-05,0.568623,0.426565,3
0.59775,0.5854, ,0.0448037,0.000271808,0.334904,0.620021,4
0.7412,0.59125, ,0.00790025,7.44361e-05,0.550615,0.44141,3
0.5798,0.53, ,0.0533657,0.00049149,0.33365,0.612493,4
0.73775,0.5947, ,0.00828561,7.53944e-05,0.543556,0.448083,3
0.70125,0.5034, ,0.0131081,0.000194901,0.529622,0.457075,3
0.79405,0.339315, ,0.00329606,0.000261026,0.697147,0.299296,3
0.72365,0.485105, ,0.00968209,0.000177217,0.570175,0.419966,3
0.68525,0.6039, ,0.0164598,0.000114976,0.457431,0.525994,4
0.5614,0.52625, ,0.0637957,0.000592856,0.308912,0.626699,4
0.7113,0.60065, ,0.011801,9.29559e-05,0.49964,0.488466,3
0.68425,0.259595, ,0.0132925,0.00230536,0.550756,0.433646,3
0.6478,0.47381, ,0.0249272,0.000424681,0.45825,0.516398,4
0.73695,0.70555, ,0.00827036,4.22882e-05,0.473541,0.518146,4
0.58685,0.395675, ,0.0459592,0.00164594,0.387889,0.564506,4
0.6334,0.62385, ,0.0303964,0.000156581,0.367196,0.602251,4
0.65675,0.6627, ,0.0230464,0.000102689,0.379218,0.597633,4
0.61685,0.4552, ,0.0349938,0.000683196,0.416865,0.547458,4
0.6941,0.3578, ,0.0130205,0.000751286,0.558211,0.428018,3
0.6409,0.38352, ,0.0253142,0.00106296,0.473088,0.500535,4
0.7295,0.56185, ,0.00921051,9.90904e-05,0.547434,0.443257,3
0.5142,0.37965, ,0.0887835,0.00378998,0.286965,0.620461,4
0.68385,0.335115, ,0.0144916,0.00106236,0.546081,0.438365,3
0.7112,0.45347, ,0.0112206,0.000259612,0.561896,0.426624,3
0.7648,0.5077, ,0.00554508,9.79913e-05,0.622091,0.372266,3
0.709,0.5241, ,0.0119532,0.000155241,0.533087,0.454805,3
0.59045,0.53135, ,0.0479289,0.000443481,0.348621,0.603007,4
0.57615,0.486645, ,0.0544404,0.000747898,0.344916,0.599896,4
0.718,0.63805, ,0.0108066,7.08262e-05,0.488504,0.500618,4
0.74695,0.597, ,0.00730467,6.82483e-05,0.556341,0.436286,3
0.66195,0.704, ,0.0213013,7.81848e-05,0.360394,0.618227,4
0.5988,0.6269, ,0.0441455,0.000200751,0.315474,0.64018,4
0.63265,0.411495, ,0.0284637,0.000881687,0.453874,0.516781,4
0.6013,0.34134, ,0.0375397,0.0024884,0.420198,0.539774,4
0.6952,0.490215, ,0.01408,0.000229223,0.525374,0.460317,3
0.6864,0.426935, ,0.0151598,0.000427851,0.532154,0.452258,3
0.7188,0.4213, ,0.00994385,0.000313026,0.581928,0.407815,3
0.74005,0.6513, ,0.00803514,5.42715e-05,0.514563,0.477348,3
0.63185,0.52625, ,0.0306361,0.000319759,0.413094,0.55595,4
0.63795,0.349, ,0.0253463,0.00155521,0.474879,0.49822,4
0.69385,0.45198, ,0.014026,0.000317161,0.536241,0.449416,3
0.64595,0.43186, ,0.0248105,0.000631643,0.468819,0.505738,4
0.76005,0.58015, ,0.00606708,6.61751e-05,0.584545,0.409322,3
0.73135,0.5849, ,0.00902492,8.47375e-05,0.538874,0.452017,3
0.73075,0.45023, ,0.00863409,0.000215044,0.591689,0.399462,3
0.6251,0.5296, ,0.0330769,0.00033107,0.401329,0.565263,4
0.7205,0.5769, ,0.0104228,9.84355e-05,0.526312,0.463167,3
0.6319,0.44614, ,0.0294312,0.00063932,0.442881,0.527048,4
0.711,0.5089, ,0.0115745,0.000169552,0.542319,0.445937,3
0.8015,0.5773, ,0.0033249,4.45622e-05,0.645568,0.351063,3
0.7301,0.6211, ,0.00920628,6.9778e-05,0.51726,0.473464,3
0.67065,0.345605, ,0.0172073,0.00111434,0.524996,0.456683,3
0.6921,0.328435, ,0.0129912,0.00103075,0.559017,0.426961,3
0.75415,0.686, ,0.00658163,4.01187e-05,0.513864,0.479514,3
0.5314,0.390525, ,0.0774123,0.00291452,0.308306,0.611368,4
0.62115,0.6437, ,0.0346656,0.00015177,0.338137,0.627046,4
0.65825,0.5127, ,0.0224427,0.000277724,0.459549,0.517731,4
0.6421,0.44067, ,0.0260999,0.00060581,0.460288,0.513006,4
0.66365,0.5273, ,0.02115,0.000235658,0.461733,0.516881,4
0.80465,0.61325, ,0.00319248,3.58532e-05,0.632842,0.36393,3
0.8191,0.54995, ,0.00253391,4.30946e-05,0.680677,0.316745,3
0.72425,0.5251, ,0.00977314,0.000132399,0.555823,0.434271,3
0.5427,0.56435, ,0.0764106,0.000494565,0.268218,0.654877,4
0.7679,0.6028, ,0.00544827,5.41562e-05,0.584773,0.409725,3
0.487355,0.30936, ,0.101461,0.00988204,0.262372,0.626285,4
0.5595,0.342415, ,0.0570392,0.00372633,0.357606,0.581628,4
0.8327,0.5572, ,0.00206283,3.59395e-05,0.695544,0.302358,3
0.63705,0.50635, ,0.0286683,0.000358064,0.429358,0.541615,4
0.6122,0.24087, ,0.029488,0.00633952,0.442916,0.521257,4
0.7903,0.225945, ,0.00317417,0.000838321,0.692757,0.30323,3
0.74715,0.6961, ,0.00722645,4.05837e-05,0.496061,0.496672,4
0.76385,0.43068, ,0.00540014,0.000172876,0.643591,0.350836,3
0.8071,0.44067, ,0.0028995,9.72744e-05,0.698042,0.298961,3
0.7106,0.527, ,0.011718,0.000149739,0.534305,0.453827,3
0.79485,0.67285, ,0.00369323,2.94324e-05,0.584684,0.411593,3
0.70905,0.5249, ,0.0119489,0.000154298,0.532827,0.45507,3
0.69245,0.39291, ,0.0136947,0.000546456,0.549403,0.436356,3
0.61175,0.394425, ,0.0353577,0.00129697,0.425982,0.537363,4
0.6348,0.486725, ,0.0291518,0.000431828,0.433484,0.536933,4
0.58055,0.446435, ,0.0509229,0.00105384,0.364721,0.583302,4
0.6254,0.53555, ,0.0330244,0.000314888,0.399192,0.567468,4
0.8188,0.36787, ,0.00233573,0.00014857,0.724145,0.273371,3
0.6323,0.50505, ,0.0302415,0.000378621,0.422565,0.546815,4
0.73655,0.46895, ,0.00806593,0.000174357,0.594517,0.397243,3
0.60035,0.4652, ,0.0420258,0.000730291,0.388424,0.56882,4
0.62255,0.48001, ,0.0333342,0.000515675,0.417102,0.549048,4
0.70435,0.4682, ,0.0123733,0.000247937,0.546965,0.440413,3
0.7242,0.46125, ,0.00948944,0.000211669,0.578814,0.411485,3
0.719,0.5186, ,0.0104561,0.000145964,0.550562,0.438836,3
0.6394,0.56745, ,0.0283927,0.000218613,0.405745,0.565643,4
0.71025,0.38703, ,0.0108474,0.000470095,0.576925,0.411757,3
0.7502,0.67295, ,0.00697009,4.4362e-05,0.516438,0.476547,3
0.8185,0.449345, ,0.00245539,8.02481e-05,0.710215,0.287249,3
0.7857,0.56855, ,0.00418786,5.47983e-05,0.627265,0.368492,3
0.78775,0.64745, ,0.00410327,3.56291e-05,0.589528,0.406333,3
0.6245,0.48066, ,0.0326315,0.000503142,0.41986,0.547005,4
0.62685,0.453795, ,0.031303,0.000626716,0.432678,0.535392,4
0.66955,0.70695, ,0.0194365,7.25957e-05,0.369609,0.610882,4
0.47749,0.5263, ,0.129727,0.00112931,0.202278,0.666866,4
0.7514,0.5847, ,0.00685465,7.01122e-05,0.569376,0.423699,3
0.58845,0.38639, ,0.0448437,0.00178101,0.392411,0.560965,4
0.6697,0.57985, ,0.0198967,0.000153699,0.446162,0.533787,4
0.51215,0.38292, ,0.0905957,0.00372607,0.283544,0.622135,4
0.68355,0.53985, ,0.0166355,0.000177954,0.487009,0.496178,4
0.58145,0.48052, ,0.051478,0.000754795,0.354875,0.592893,4
0.64535,0.477815, ,0.0257044,0.000420374,0.453037,0.520839,4
0.5316,0.437435, ,0.0802545,0.0017925,0.296964,0.620989,4
0.5685,0.658, ,0.0591618,0.000202403,0.258773,0.681862,4
0.5605,0.361765, ,0.0576845,0.00301488,0.355806,0.583494,4
0.6818,0.57635, ,0.0171413,0.000141123,0.466715,0.516003,4
0.6547,0.48586, ,0.0231296,0.000357677,0.464564,0.511949,4
0.6541,0.5534, ,0.0238742,0.000212303,0.435097,0.540817,4
0.67465,0.46204, ,0.0179439,0.000356948,0.503714,0.477985,3
0.7503,0.6878, ,0.00693737,4.1142e-05,0.506668,0.486354,3
0.7757,0.410485, ,0.0045057,0.00017702,0.663889,0.331428,3
0.6771,0.489435, ,0.0176685,0.000277391,0.49786,0.484194,3
0.69695,0.5701, ,0.0141483,0.000127943,0.493371,0.492353,3
0.6079,0.30662, ,0.0336603,0.00333642,0.434351,0.528652,4
0.68555,0.477, ,0.0158026,0.000281294,0.515358,0.468559,3
0.72485,0.5942, ,0.00986092,8.52701e-05,0.524045,0.466009,3
0.62615,0.394315, ,0.0301901,0.00111766,0.448071,0.520621,4
0.7532,0.54385, ,0.00661776,8.77078e-05,0.591062,0.402232,3
0.67235,0.5058, ,0.018873,0.000255517,0.484192,0.49668,4
0.68205,0.46081, ,0.0163606,0.00033374,0.515469,0.467837,3
0.78225,0.52715, ,0.00434821,7.21797e-05,0.639464,0.356116,3
0.518,0.46911, ,0.0920283,0.00145903,0.269448,0.637064,4
0.55955,0.53235, ,0.0650334,0.000570438,0.303925,0.630471,4
0.66415,0.74315, ,0.0202281,6.22459e-05,0.336771,0.642939,4
0.5987,0.5129, ,0.0437391,0.000482765,0.368384,0.587394,4
0.5513,0.415565, ,0.066066,0.00188215,0.330563,0.601488,4
0.6144,0.5374, ,0.0372846,0.000342252,0.381704,0.580669,4
0.665,0.403545, ,0.019385,0.000672242,0.505505,0.474438,3
0.6516,0.471395, ,0.0238092,0.000417396,0.464973,0.5108,4
0.6126,0.431765, ,0.0360812,0.000890037,0.417545,0.545484,4
0.6728,0.45859, ,0.0183187,0.000374853,0.501999,0.479308,3
0.7004,0.56155, ,0.0135128,0.000130955,0.502916,0.48344,3
0.66955,0.45922, ,0.0190682,0.00038571,0.496795,0.483752,3
0.77785,0.389345, ,0.00430915,0.00020564,0.670503,0.324982,3
0.6218,0.423795, ,0.0324373,0.00087575,0.433908,0.532779,4
0.71945,0.39954, ,0.00970658,0.000376628,0.587821,0.402096,3
0.8246,0.67575, ,0.00236869,2.17866e-05,0.626622,0.370987,3
0.62575,0.5069, ,0.0325733,0.000396511,0.411769,0.555261,4
0.58495,0.39125, ,0.0466727,0.0017544,0.386054,0.565519,4
0.77095,0.5182, ,0.00510103,8.58508e-05,0.626964,0.36785,3
0.70275,0.5785, ,0.0131524,0.000114973,0.498109,0.488623,3
0.52605,0.48227, ,0.0864943,0.00119904,0.276048,0.636259,4
0.68955,0.50335, ,0.01522,0.000219417,0.511707,0.472854,3
0.65925,0.48506, ,0.0219021,0.000344096,0.471901,0.505853,4
0.6584,0.18479, ,0.0163261,0.00683299,0.507054,0.469787,3
0.60845,0.5811, ,0.0400241,0.000257239,0.352587,0.607131,4
0.5298,0.49327, ,0.0841425,0.00104476,0.277471,0.637342,4
0.66405,0.43643, ,0.0200878,0.000500212,0.495367,0.484045,3
0.5273,0.2685, ,0.0692595,0.010821,0.318766,0.601153,4
0.7122,0.463695, ,0.0111407,0.000236365,0.560221,0.428402,3
0.8703,0.63225, ,0.00116174,1.6762e-05,0.711529,0.287292,3
0.65545,0.73425, ,0.0225347,6.96109e-05,0.330585,0.646811,4
0.64155,0.5293, ,0.0274562,0.00028546,0.426686,0.545573,4
0.6987,0.53105, ,0.0136926,0.000163631,0.51432,0.471823,3
0.6619,0.39287, ,0.0199475,0.000770676,0.503215,0.476067,3
0.57765,0.39278, ,0.050291,0.00185492,0.374773,0.573081,4
0.60225,0.440575, ,0.040557,0.000905801,0.399156,0.559381,4
0.72245,0.361755, ,0.00905492,0.00051609,0.59887,0.391559,3
0.7311,0.26188, ,0.00735425,0.00125997,0.617483,0.373902,3
0.72635,0.61105, ,0.00967829,7.63586e-05,0.517169,0.473076,3
0.7255,0.648, ,0.00977614,6.28327e-05,0.494054,0.496107,4
0.79085,0.5616, ,0.00387672,5.4071e-05,0.637578,0.358492,3
0.64135,0.69155, ,0.0271907,9.7864e-05,0.338576,0.634135,4
0.68255,0.6194, ,0.0170183,0.000107164,0.444513,0.538361,4
0.61375,0.36342, ,0.0336294,0.00173994,0.435475,0.529156,4
0.6652,0.443705, ,0.0199073,0.000462797,0.494978,0.484652,3
0.744,0.36473, ,0.0067945,0.000386508,0.628743,0.364076,3
0.7008,0.48355, ,0.0130607,0.000227871,0.536328,0.450383,3
0.72645,0.33135, ,0.00836476,0.00066003,0.608241,0.382734,3
0.56345,0.62705, ,0.062724,0.000259932,0.267527,0.669489,4
0.583,0.52595, ,0.0516196,0.000495161,0.339946,0.607939,4
0.6264,0.5436, ,0.0327279,0.000292999,0.397128,0.569851,4
0.49552,0.452645, ,0.109497,0.00206435,0.245214,0.643225,4
0.611,0.35557, ,0.0343721,0.00194128,0.432668,0.531018,4
0.5771,0.40404, ,0.0510609,0.0016624,0.371276,0.576001,4
0.51625,0.44261, ,0.0919028,0.00193573,0.274744,0.631417,4
0.6639,0.52565, ,0.0210745,0.000238051,0.462836,0.515851,4
0.7322,0.49501, ,0.00867039,0.000150614,0.579357,0.411822,3
0.56835,0.340825, ,0.0523132,0.00348043,0.370868,0.573339,4
0.64365,0.56965, ,0.0270487,0.000207362,0.411166,0.561578,4
0.71,0.48719, ,0.0116109,0.000201307,0.548968,0.43922,3
0.7265,0.67525, ,0.00959928,5.39751e-05,0.47811,0.512237,4
0.68045,0.47164, ,0.0167933,0.000309933,0.509393,0.473503,3
0.81695,0.62025, ,0.00265631,3.06414e-05,0.646594,0.350719,3
0.68315,0.5212, ,0.0166146,0.000204448,0.494557,0.488624,3
0.6338,0.50775, ,0.0297653,0.000365005,0.42379,0.54608,4
0.72935,0.43676, ,0.00872606,0.000243747,0.593366,0.397665,3
0.6106,0.6488, ,0.0387782,0.000159089,0.320234,0.640829,4
0.6804,0.469175, ,0.0167807,0.000316518,0.510158,0.472744,3
0.7241,0.348265, ,0.00875857,0.000575854,0.60305,0.387616,3
0.6915,0.65165, ,0.0151617,8.24711e-05,0.439031,0.545725,4
0.7286,0.46831, ,0.00898043,0.000190977,0.583086,0.407742,3
-0.74535,-0.789, ,8.82914e-05,0.00190771,0.000238262,0.997766,4
-0.5592,-0.75165, ,0.000340597,0.0254683,0.000416621,0.973775,4
-0.55485,-0.8126, ,0.000233008,0.0187565,0.000323491,0.980687,4
-0.56585,-0.75775, ,0.000314588,0.0227847,0.000400161,0.976501,4
-0.5555,-0.761, ,0.000326811,0.025231,0.000403887,0.974038,4
-0.80555,-0.69965, ,0.000102663,0.00150768,0.000301321,0.998088,4
-0.61455,-0.8049, ,0.000174217,0.00949227,0.000293494,0.99004,4
-0.579,-0.78535, ,0.000242887,0.0165972,0.000345548,0.982814,4
-0.59935,-0.80235, ,0.000193394,0.0116597,0.000306844,0.98784,4
-0.62195,-0.9061, ,8.91298e-05,0.00427574,0.000182112,0.995453,4
-0.5911,-0.82565, ,0.000174641,0.0111218,0.000281854,0.988422,4
-0.5131,-0.74605, ,0.000459176,0.0439324,0.000471676,0.955137,4
-0.64,-0.89375, ,8.69407e-05,0.00370004,0.000185908,0.996027,4
-0.60765,-0.84465, ,0.00014101,0.0079655,0.000249607,0.991644,4
-0.58215,-0.7981, ,0.000219485,0.0147826,0.000324673,0.984673,4
-0.5765,-0.7936, ,0.000233463,0.0162705,0.000335263,0.983161,4
-0.495745,-0.7522, ,0.000483467,0.0512172,0.000477053,0.947822,4
-0.57375,-0.71375, ,0.00040336,0.0263929,0.000470982,0.972733,4
-0.81205,-0.64245, ,0.000137062,0.00192228,0.000366676,0.997574,4
-0.5021,-0.75525, ,0.000457646,0.0471369,0.00046475,0.951941,4
-0.46102,-0.68725, ,0.000907573,0.0974206,0.000661893,0.90101,4
-0.60065,-0.83955, ,0.00015148,0.00900564,0.000259333,0.990584,4
-0.66375,-0.73655, ,0.000199979,0.00776629,0.000351449,0.991682,4
-0.5199,-0.67435, ,0.000725409,0.057583,0.000617993,0.941074,4
-0.5549,-0.8166, ,0.000226922,0.0182865,0.000317752,0.981169,4
-0.6207,-0.833, ,0.000140842,0.0073012,0.000255747,0.992302,4
-0.6247,-0.8796, ,0.00010319,0.00501113,0.000205032,0.994681,4
-0.67715,-0.61725, ,0.000393646,0.0124278,0.000536565,0.986642,4
-0.55995,-0.73695, ,0.000374356,0.0273573,0.000442045,0.971826,4
-0.8655,-0.72575, ,6.09573e-05,0.000587851,0.000243079,0.999108,4
-0.5369,-0.71185, ,0.000507803,0.0403208,0.000514845,0.958657,4
-0.44355,-0.6754, ,0.00107222,0.119602,0.000713973,0.878612,4
-0.60675,-0.83625, ,0.000149416,0.00852627,0.000259762,0.991065,4
-0.71355,-1.00105, ,3.06975e-05,0.000589328,9.60228e-05,0.999284,4
-0.8616,-0.874, ,2.70837e-05,0.000230971,0.000133047,0.999609,4
-0.591,-0.7953, ,0.000212399,0.0135031,0.0003223,0.985962,4
-0.56785,-0.79565, ,0.000242018,0.0178249,0.000338697,0.981594,4
-0.53985,-0.74175, ,0.000407056,0.0334862,0.000453052,0.965654,4
-0.480225,-0.69715, ,0.000768309,0.0777714,0.00061418,0.920846,4
-0.5726,-0.8033, ,0.000224074,0.0160677,0.000324123,0.983384,4
-0.5094,-0.76595, ,0.000408956,0.0411855,0.00043744,0.957968,4
-0.7211,-0.8144, ,8.78034e-05,0.00222124,0.000224705,0.997466,4
-0.5898,-0.8057, ,0.000199972,0.0128417,0.000308792,0.98665,4
-0.6536,-0.579, ,0.000594195,0.0196177,0.00064609,0.979142,4
-0.54245,-0.7835, ,0.000302752,0.0258006,0.000377629,0.973519,4
-0.5428,-0.751, ,0.000375935,0.0308269,0.000433167,0.968364,4
-0.72515,-0.99195, ,3.03394e-05,0.000544242,9.82953e-05,0.999327,4
-0.7938,-0.7459, ,8.45582e-05,0.00132381,0.000257815,0.998334,4
-0.5368,-0.71005, ,0.000514413,0.0407248,0.000518665,0.958242,4
-0.61835,-0.8219, ,0.000153053,0.00810036,0.000270081,0.991477,4
-0.6759,-0.6425, ,0.000337227,0.0111553,0.000491462,0.988016,4
-0.53685,-0.70835, ,0.000520304,0.0410439,0.000522127,0.957914,4
-0.586,-0.80075, ,0.000211027,0.0138762,0.000318219,0.985595,4
-0.52845,-0.70965, ,0.00054114,0.0446751,0.000528988,0.954255,4
-0.5282,-0.75325, ,0.000402064,0.0358627,0.000443055,0.963292,4
-0.82215,-0.77605, ,5.98398e-05,0.000747943,0.000216208,0.998976,4
-0.6103,-0.866, ,0.0001216,0.0066457,0.00022512,0.993008,4
-0.75135,-0.77205, ,9.40919e-05,0.00196975,0.000252534,0.997684,4
-0.46307,-0.6618, ,0.00107325,0.105643,0.000724923,0.892559,4
